0010092685ES0026000010092685WW0FHIDROCANTABRICO DISTRIBUCIÓN ELÉCTRICA            0026                                                                                 C0306500_032000320041117005  0000000400     18,40      0,0005S      13,86     13,86DD     13,86      0,00      0,00      0,00      0,00      0,00      0,0020170524201705249999123120171229J                                                                                                                                                                                       03 N         0,00N020U0009270
0010116636ES0026000010116636PX0FHIDROCANTABRICO DISTRIBUCIÓN ELÉCTRICA            0026                                                                                 C0306500_032000320050526005  0000000400     10,39      0,0005S      10,39     10,39DD     10,39      0,00      0,00      0,00      0,00      0,00      0,0020150216200805269999123120171229J                                                                                                                                                                 C0306500              03 N        58,30N020U0000860
0010116668ES0026000010116668DL0FHIDROCANTABRICO DISTRIBUCIÓN ELÉCTRICA            0026                                                                                 C0306500_032000320051227005  0000000400     17,00      0,0005S      13,86     13,86DD     13,86      0,00      0,00      0,00      0,00      0,00      0,0020160423201604239999123120171229J                                                                                                                                                                 C0306500              03 N        77,77N020U0008360
0010116670ES0026000010116670DK0FHIDROCANTABRICO DISTRIBUCIÓN ELÉCTRICA            0026                                                                                 C0306500_032000320051227005  0000000400     10,39      0,0005S      10,39     10,39DD     10,39      0,00      0,00      0,00      0,00      0,00      0,0020170704201707049999123120171229J                                                                                                                                                                 C0306500              03 N        58,30N020U0009270
0010209989ES0026000010209989LY0FHIDROCANTABRICO DISTRIBUCIÓN ELÉCTRICA            0026                                                                                 C0306500_032000320071108005  0000000400     13,86      0,0005S      13,86     13,86TD     13,86      0,00      0,00      0,00      0,00      0,00      0,0020131104200912102014070920110709J                                                                                                                                                                 C0306500              03 N         0,00N030 00    0
0010234348ES0026000010234348CP0FHIDROCANTABRICO DISTRIBUCIÓN ELÉCTRICA            0026                                                                                 C0306500_032000320081210005  0000000400     13,86      0,0005S      13,86     13,86DD     13,86      0,00      0,00      0,00      0,00      0,00      0,0020150216200904029999123120171229J                                                                                                                                                                 C0306500              03 N        98,68N020U0000860
0010442562ES0026000010442562BA0FHIDROCANTABRICO DISTRIBUCIÓN ELÉCTRICA            0026                                                                                 C0306500_032000320161205005  0000000400     31,18      0,0005N      24,25     10,39D      10,39      0,00      0,00      0,00      0,00      0,00      0,0020170206        2019120820171229J                                                                                                                                                                 C0306500              03 N        68,29N020U0000860
0010792906ES0026000010792906VB0FHIDROCANTABRICO DISTRIBUCIÓN ELÉCTRICA            0026                                                                                 C0306500_032000320130515005  0000000400      8,00      0,0005N      13,86     13,86D      13,86      0,00      0,00      0,00      0,00      0,00      0,0020161125201611259999123120171225J                                                                                                                                                                 C0306500              03 N        84,66N021U0009240
0010796311ES0026000010796311GN0FHIDROCANTABRICO DISTRIBUCIÓN ELÉCTRICA            0026                                                                                 C0306500_032000320130307005  0000000230     10,39      0,0005N      10,35     10,35T      10,35      0,00      0,00      0,00      0,00      0,00      0,0020131104        9999123120131128J                                                                                                                                                                                       03 N       148,00N030 00    0
0010797522ES0026000010797522BG0FHIDROCANTABRICO DISTRIBUCIÓN ELÉCTRICA            0026                                                                                 C0306500_032000320130520005  0000000400     10,39      0,0005N      13,86     13,86D      13,86      0,00      0,00      0,00      0,00      0,00      0,0020150213        9999123120171225J                                                                                                                                                                 C0306500              03 N        84,66N020U0000860
