0010098185ES0026000010098185BM0FHIDROCANTABRICO DISTRIBUCIÓN ELÉCTRICA            0026                                                                                 C0307600_031400320050826005  0000000400     25,00      0,0005N      15,00     15,00D      15,00      0,00      0,00      0,00      0,00      0,00      0,0020140826201407019999123120171212J                                                                                                                                                                 C0307600              03 N        84,18N020U0009270
0010098216ES0026000010098216NJ0FHIDROCANTABRICO DISTRIBUCIÓN ELÉCTRICA            0026                                                                                 C0307600_031400320050818005  0000000400     25,00      0,0005N      15,00     15,00D      15,00      0,00      0,00      0,00      0,00      0,00      0,0020140826201407019999123120171212J                                                                                                                                                                 C0307600              03 N        84,18N020U0009270
0010099156ES0026000010099156FX0FHIDROCANTABRICO DISTRIBUCIÓN ELÉCTRICA            0026                                                                                 C0307600_031400320051214005  0000000400     23,00      0,0005N      15,00     15,00D      15,00      0,00      0,00      0,00      0,00      0,00      0,0020150213201412259999123120180103J                                                                                                                                                                                       03 N        84,18N020U0008530
0010099208ES0026000010099208DQ0FHIDROCANTABRICO DISTRIBUCIÓN ELÉCTRICA            0026                                                                                 C0307600_031400320051214005  0000000400     23,00      0,0005N      15,00     15,00D      15,00      0,00      0,00      0,00      0,00      0,00      0,0020150213201412259999123120180103J                                                                                                                                                                                       03 N        84,18N021U0008530
0010099264ES0026000010099264NA0FHIDROCANTABRICO DISTRIBUCIÓN ELÉCTRICA            0026                                                                                 C0307600_031400320051214005  0000000400     29,00      0,0005N      15,00     15,00D      15,00      0,00      0,00      0,00      0,00      0,00      0,0020141225201412259999123120171212J                                                                                                                                                                                       03 N        84,18N020U0008530
0010099314ES0026000010099314ZF0FHIDROCANTABRICO DISTRIBUCIÓN ELÉCTRICA            0026                                                                                 C0307600_031400320060119005  0000000400     29,70      0,0005N      15,00     15,00D      15,00      0,00      0,00      0,00      0,00      0,00      0,0020150316201412259999123120171212J                                                                                                                                                                                       03 N        84,18N020U0008530
0010100355ES0026000010100355JJ0FHIDROCANTABRICO DISTRIBUCIÓN ELÉCTRICA            0026                                                                                 C0307600_031400320050920005  0000000400     13,85      0,0005N      10,39     10,39D      10,39      0,00      0,00      0,00      0,00      0,00      0,0020150528201505289999123120180103J                                                                                                                                                                 C0307600              03 N        58,30N020U0009270
0010100356ES0026000010100356JZ0FHIDROCANTABRICO DISTRIBUCIÓN ELÉCTRICA            0026                                                                                 C0307600_031400320050920005  0000000400     10,39      0,0005S      10,39     10,39DD     10,39      0,00      0,00      0,00      0,00      0,00      0,0020150528201505289999123120180103J                                                                                                                                                                 C0307600              03 N        58,30N021U0009270
0010100484ES0026000010100484LG0FHIDROCANTABRICO DISTRIBUCIÓN ELÉCTRICA            0026                                                                                 C0307600_031400320050823005  0000000400     26,40      0,0005N      13,86     13,86D      13,86      0,00      0,00      0,00      0,00      0,00      0,0020150213201407019999123120180103J                                                                                                                                                                 C0307600              03 N        91,06N020U0009270
0010102344ES0026000010102344PR0FHIDROCANTABRICO DISTRIBUCIÓN ELÉCTRICA            0026                                                                                 C0307600_031400320051117005  0000000400     13,00      0,0005N      10,39     10,39D      10,39      0,00      0,00      0,00      0,00      0,00      0,0020160520201605209999123120180103J                                                                                                                                                                                       03 N        58,30N020U0009270
0010108839ES0026000010108839ZX0FHIDROCANTABRICO DISTRIBUCIÓN ELÉCTRICA            0026                                                                                 C0307600_031400320050207005  0000000380     16,30      0,0005N      13,20     13,20D      13,20      0,00      0,00      0,00      0,00      0,00      0,0020150213201407019999123120180103J                                                                                                                                                                 C0307600              03 N        74,07N020U0009270
0010108841ES0026000010108841ZN0FHIDROCANTABRICO DISTRIBUCIÓN ELÉCTRICA            0026                                                                                 C0307600_031400320050905005  0000000400     13,86      0,0005S      13,86     13,86DD     13,86      0,00      0,00      0,00      0,00      0,00      0,0020161026201610269999123120180103F                                                                                                                                                                                       03 N        70,80N020U0009270
0010108907ES0026000010108907VD0FHIDROCANTABRICO DISTRIBUCIÓN ELÉCTRICA            0026                                                                                 C0307600_031400320040826005  0000000380     13,20      0,0005N      13,20     13,20D      13,20      0,00      0,00      0,00      0,00      0,00      0,0020140826201302239999123120171212J                                                                                                                                                                 C0307600              03 N        72,81N020U0004990
0010113620ES0026000010113620SF0FHIDROCANTABRICO DISTRIBUCIÓN ELÉCTRICA            0026                                                                                 C0307600_031400320041203005  0000000400     29,90      0,0005N      13,86     13,86D      13,86      0,00      0,00      0,00      0,00      0,00      0,0020160907201609099999123120180103J                                                                                                                                                                 C0307600              03 N        91,21N020U0000860
0010114061ES0026000010114061BB0FHIDROCANTABRICO DISTRIBUCIÓN ELÉCTRICA            0026                                                                                 C0307600_031400320061128005  0000000400     16,80      0,0005N      10,39     10,39D      10,39      0,00      0,00      0,00      0,00      0,00      0,0020140826200911179999123120171212J                                                                                                                                                                 C0307600              03 N        61,40N020U0000860
0010118753ES0026000010118753PB0FHIDROCANTABRICO DISTRIBUCIÓN ELÉCTRICA            0026                                                                                 C0307600_031400320060804005  0000000400     24,21      0,0005N      15,00     15,00D      15,00      0,00      0,00      0,00      0,00      0,00      0,0020140826201407019999123120171212J                                                                                                                                                                 C0301400              03 N        88,65N021U0009270
0010121226ES0026000010121226RT0FHIDROCANTABRICO DISTRIBUCIÓN ELÉCTRICA            0026                                                                                 C0307600_031400320061214005  0000000400     25,20      0,0005N      10,39     10,39D      10,39      0,00      0,00      0,00      0,00      0,00      0,0020140826201407019999123120171212J                                                                                                                                                                 C0307600              03 N        61,40N020U0009270
0010121227ES0026000010121227RR0FHIDROCANTABRICO DISTRIBUCIÓN ELÉCTRICA            0026                                                                                 C0307600_031400320061214005  0000000400     13,86      0,0005S      13,86     13,86DD     13,86      0,00      0,00      0,00      0,00      0,00      0,0020150213201407019999123120180103J                                                                                                                                                                 C0307600              03 N        81,91N020U0009270
0010121243ES0026000010121243RV0FHIDROCANTABRICO DISTRIBUCIÓN ELÉCTRICA            0026                                                                                 C0307600_031400320090306005  0000000400     13,29      0,0005S      10,39     10,39DD     10,39      0,00      0,00      0,00      0,00      0,00      0,0020150213201407019999123120180103J                                                                                                                                                                 C0307600              03 N        77,30N020U0009270
0010121471ES0026000010121471BS0FHIDROCANTABRICO DISTRIBUCIÓN ELÉCTRICA            0026                                                                                 C0307600_031400320060119005  0000000400     13,90      0,0005N      10,39     10,39D      10,39      0,00      0,00      0,00      0,00      0,00      0,0020150213201408229999123120180104J                                                                                                                                                                 C0307600              03 N        58,30N020U0009270
0010126178ES0026000010126178DF0FHIDROCANTABRICO DISTRIBUCIÓN ELÉCTRICA            0026                                                                                 C0307600_031400320060627005  0000000400     22,20      0,0005N      10,39     10,39D      10,39      0,00      0,00      0,00      0,00      0,00      0,0020150213200906249999123120180103J                                                                                                                                                                 C0307600              03 N        60,91N020U0000860
0010127069ES0026000010127069WR0FHIDROCANTABRICO DISTRIBUCIÓN ELÉCTRICA            0026                                                                                 C0307600_031400320050505005  0000000400     25,50      0,0005N      15,00     15,00D      15,00      0,00      0,00      0,00      0,00      0,00      0,0020140826201407019999123120171212J                                                                                                                                                                 C0307600              03 N        84,18N020U0009270
0010135688ES0026000010135688PH0FHIDROCANTABRICO DISTRIBUCIÓN ELÉCTRICA            0026                                                                                 C0307600_031400320050720005  0000000400     11,26      0,0005N      10,39     10,39D      10,39      0,00      0,00      0,00      0,00      0,00      0,0020161222201612229999123120171205J                                                                                                                                                                 C0307600              03 N        58,30N020U0009270
0010139367ES0026000010139367FV0FHIDROCANTABRICO DISTRIBUCIÓN ELÉCTRICA            0026                                                                                 C0307600_031400320060613005  0000000400     10,39      0,0005S      10,39     10,39DD     10,39      0,00      0,00      0,00      0,00      0,00      0,0020140826200906129999123120171206J                                                                                                                                                                 C0313300              03 N        60,91N021U0000860
0010139745ES0026000010139745RG0FHIDROCANTABRICO DISTRIBUCIÓN ELÉCTRICA            0026                                                                                 C0307600_031400320060809005  0000000400     12,91      0,0005S      10,39     10,39DD     10,39      0,00      0,00      0,00      0,00      0,00      0,0020150213200805169999123120180103J                                                                                                                                                                 C0309900              03 N        61,40N021U0000860
0010140061ES0026000010140061ZK0FHIDROCANTABRICO DISTRIBUCIÓN ELÉCTRICA            0026                                                                                 C0307600_031400320040323005  0000000400     15,75      0,0005N      15,00     15,00D      15,00      0,00      0,00      0,00      0,00      0,00      0,0020150316201407019999123120171212J                                                                                                                                                                 C0307600              03 N        87,94N020U0009270
0010140062ES0026000010140062ZE0FHIDROCANTABRICO DISTRIBUCIÓN ELÉCTRICA            0026                                                                                 C0307600_031400320040309005  0000000400     15,75      0,0005N      15,00     15,00D      15,00      0,00      0,00      0,00      0,00      0,00      0,0020160111201407019999123120171231J                                                                                                                                                                 C0307600              03 N        87,94N020U0009270
0010140063ES0026000010140063ST0FHIDROCANTABRICO DISTRIBUCIÓN ELÉCTRICA            0026                                                                                 C0307600_031400320040218005  0000000400     14,75      0,0005N      13,86     13,86D      13,86      0,00      0,00      0,00      0,00      0,00      0,0020160208201407019999123120171229J                                                                                                                                                                 C0307600              03 N        81,26N020U0009270
0010140064ES0026000010140064SR0FHIDROCANTABRICO DISTRIBUCIÓN ELÉCTRICA            0026                                                                                 C0307600_031400320040218005  0000000400     11,25      0,0005N      10,39     10,39D      10,39      0,00      0,00      0,00      0,00      0,00      0,0020160208201407019999123120171230J                                                                                                                                                                 C0307600              03 N        60,91N020U0009270
0010140065ES0026000010140065SW0FHIDROCANTABRICO DISTRIBUCIÓN ELÉCTRICA            0026                                                                                 C0307600_031400320040402005  0000000400     15,75      0,0005N      15,00     15,00D      15,00      0,00      0,00      0,00      0,00      0,00      0,0020160111201407019999123120171229J                                                                                                                                                                 C0307600              03 N        87,94N020U0009270
0010140198ES0026000010140198CC0FHIDROCANTABRICO DISTRIBUCIÓN ELÉCTRICA            0026                                                                                 C0307600_031400320060703005  0000000400     12,00      0,0005N      10,39     10,39D      10,39      0,00      0,00      0,00      0,00      0,00      0,0020150213201004099999123120180103J                                                                                                                                                                 C0307600              03 N        60,91N020U0000860
0010140420ES0026000010140420FN0FHIDROCANTABRICO DISTRIBUCIÓN ELÉCTRICA            0026                                                                                 C0307600_031400320060411005  0000000400     15,50      0,0005N      15,00     15,00T      15,00      0,00      0,00      0,00      0,00      0,00      0,00201311042009070120121223        J                                                                                                                                                                 C0307600              03 N         0,00N030 00    0
0010142860ES0026000010142860KZ0FHIDROCANTABRICO DISTRIBUCIÓN ELÉCTRICA            0026                                                                                 C0307600_031400320060303005  0000000400     13,80      0,0005S      10,39     10,39DD     10,39      0,00      0,00      0,00      0,00      0,00      0,0020150213201407019999123120180103J                                                                                                                                                                 C0307600              03 N        69,93N020U0009270
0010143700ES0026000010143700NA0FHIDROCANTABRICO DISTRIBUCIÓN ELÉCTRICA            0026                                                                                 C0307600_031400320060220005  0000000400     27,96      0,0005N      24,25     10,39D      10,39      0,00      0,00      0,00      0,00      0,00      0,0020170120201002162020011920171124F                                                                                                                                                                                       03 N       142,31N031U0000860
0010143715ES0026000010143715NH0FHIDROCANTABRICO DISTRIBUCIÓN ELÉCTRICA            0026                                                                                 C0307600_031400320050224005  0000000400     19,70      0,0005S      13,86     13,86DD     13,86      0,00      0,00      0,00      0,00      0,00      0,0020160105200805149999123120171230J                                                                                                                                                                 C0307600              03 N        75,76S020U0000860
0010144524ES0026000010144524RE0FHIDROCANTABRICO DISTRIBUCIÓN ELÉCTRICA            0026                                                                                 C0307600_031400320070620005  0000000400     13,00      0,0005N      10,39     10,39D      10,39      0,00      0,00      0,00      0,00      0,00      0,0020140826200911189999123120171212J                                                                                                                                                                 C0307600              03 N        64,48N020U0000860
0010145205ES0026000010145205PJ0FHIDROCANTABRICO DISTRIBUCIÓN ELÉCTRICA            0026                                                                                 C0307600_031400320061024005  0000000400     13,86      0,0005N      13,86     13,86D      13,86      0,00      0,00      0,00      0,00      0,00      0,0020170613201505239999123120171212J                                                                                                                                                                 C0307600              03 N        81,91N021U0011010
0010145207ES0026000010145207PS0FHIDROCANTABRICO DISTRIBUCIÓN ELÉCTRICA            0026                                                                                 C0307600_031400320061020005  0000000400     10,39      0,0005S      10,39     10,39DD     10,39      0,00      0,00      0,00      0,00      0,00      0,0020171004201603119999123120180103J                                                                                                                                                                 C0307600              03 N        61,40N020U0011010
0010145288ES0026000010145288NG0FHIDROCANTABRICO DISTRIBUCIÓN ELÉCTRICA            0026                                                                                 C0307600_031400320040510005  0000000400     13,20      0,0005N      13,86     13,86D      13,86      0,00      0,00      0,00      0,00      0,00      0,0020140826201407019999123120171212J                                                                                                                                                                 C0307600              03 N       212,81N020U0009270
0010145377ES0026000010145377QR0FHIDROCANTABRICO DISTRIBUCIÓN ELÉCTRICA            0026                                                                                 C0307600_031400320060428005  0000000400     13,86      0,0005S      13,86     13,86TD     13,86      0,00      0,00      0,00      0,00      0,00      0,00201311042010021199991231        J                                                                                                                                                                 C0306300              03 N         0,00S030 00    0
0010148332ES0026000010148332YN0FHIDROCANTABRICO DISTRIBUCIÓN ELÉCTRICA            0026                                                                                 C0307600_031400320070918005  0000000400     12,67      0,0005N      10,39     10,39D      10,39      0,00      0,00      0,00      0,00      0,00      0,0020140826200903219999123120171212J                                                                                                                                                                 C0313300              03 N        67,70N020U0000860
0010148609ES0026000010148609HJ0FHIDROCANTABRICO DISTRIBUCIÓN ELÉCTRICA            0026                                                                                 C0307600_031400320061018005  0000000400     13,86      0,0005N      13,86     13,86D      13,86      0,00      0,00      0,00      0,00      0,00      0,0020160424201604249999123120171212J                                                                                                                                                                 C0307600              03 N        81,91N020U0001010
0010148612ES0026000010148612HQ0FHIDROCANTABRICO DISTRIBUCIÓN ELÉCTRICA            0026                                                                                 C0307600_031400320070418005  0000000400     13,86      0,0005S      13,86     13,86DD     13,86      0,00      0,00      0,00      0,00      0,00      0,0020150528201505289999123120180103J                                                                                                                                                                 C0307600              03 N        86,00N021U0009270
0010149049ES0026000010149049ZQ0FHIDROCANTABRICO DISTRIBUCIÓN ELÉCTRICA            0026                                                                                 C0307600_031400320060124005  0000000400     13,86      0,0005S      13,86     13,86DD     13,86      0,00      0,00      0,00      0,00      0,00      0,0020150213201408229999123120180103J                                                                                                                                                                 C0307600              03 N        77,77N020U0009270
0010152130ES0026000010152130XS0FHIDROCANTABRICO DISTRIBUCIÓN ELÉCTRICA            0026                                                                                 C0307600_031400320070130005  0000000400      9,20      0,0005S      10,39     10,39DD     10,39      0,00      0,00      0,00      0,00      0,00      0,0020140826200912179999123120171206F                                                                                                                                                                                       03 S        35,11N020U0000860
0010153061ES0026000010153061MA0FHIDROCANTABRICO DISTRIBUCIÓN ELÉCTRICA            0026                                                                                 C0307600_031400320071130005  0000000400     18,50      0,0005S      10,39     10,39DD     10,39      0,00      0,00      0,00      0,00      0,00      0,0020160816201608169999123120171212J                                                                                                                                                                 C0307600              03 N        90,30N020U0009270
0010153801ES0026000010153801ZF0FHIDROCANTABRICO DISTRIBUCIÓN ELÉCTRICA            0026                                                                                 C0307600_031400320070710005  0000000400     13,86      0,0005S      13,86     13,86DD     13,86      0,00      0,00      0,00      0,00      0,00      0,0020150213201306019999123120180103J                                                                                                                                                                 C0313300              03 N         0,00N021U0003890
0010154307ES0026000010154307JF0FHIDROCANTABRICO DISTRIBUCIÓN ELÉCTRICA            0026                                                                                 C0307600_031400320060822005  0000000400     17,90      0,0005N      10,39     10,39D      10,39      0,00      0,00      0,00      0,00      0,00      0,0020140826201407019999123120171212J                                                                                                                                                                 C0307600              03 N        61,40N020U0009270
0010155182ES0026000010155182MP0FHIDROCANTABRICO DISTRIBUCIÓN ELÉCTRICA            0026                                                                                 C0307600_031400320070516005  0000000400     19,59      0,0005N      15,00     15,00D      15,00      0,00      0,00      0,00      0,00      0,00      0,0020140826201004169999123120171212J                                                                                                                                                                 C0307600              03 N        93,08N020U0000860
0010162559ES0026000010162559GW0FHIDROCANTABRICO DISTRIBUCIÓN ELÉCTRICA            0026                                                                                 C0307600_031400320071121005  0000000400     13,00      0,0005N      10,39     10,39D      10,39      0,00      0,00      0,00      0,00      0,00      0,0020171110201703219999123120171229J                                                                                                                                                                 C0307600              03 N        68,29N020U0009270
0010165266ES0026000010165266YH0FHIDROCANTABRICO DISTRIBUCIÓN ELÉCTRICA            0026                                                                                 C0307600_031400320070123005  0000000400     21,90      0,0005S      13,86     13,86DD     13,86      0,00      0,00      0,00      0,00      0,00      0,0020150213201004099999123120180103F                                                                                                                                                                                       03 S        86,00N021U0000860
0010167588ES0026000010167588SV0FHIDROCANTABRICO DISTRIBUCIÓN ELÉCTRICA            0026                                                                                 C0307600_031400320080121005  0000000400      5,00      0,0005N      10,39     10,39D      10,39      0,00      0,00      0,00      0,00      0,00      0,0020170720201707209999123120180103J                                                                                                                                                                 C0301400              03 N         5,58N021U0009270
0010167739ES0026000010167739EF0FHIDROCANTABRICO DISTRIBUCIÓN ELÉCTRICA            0026                                                                                 C0307600_031400320080125005  0000000230     10,39      0,0005N      10,39     10,39T      10,39      0,00      0,00      0,00      0,00      0,00      0,0020131104201407012017102420141022F                                                                                                                                                                 C0307600              03 N        69,93N030 00    0
0010172207ES0026000010172207DJ0FHIDROCANTABRICO DISTRIBUCIÓN ELÉCTRICA            0026                                                                                 C0307600_031400320050613005  0000000400     13,85      0,0005S      10,39     10,39DD     10,39      0,00      0,00      0,00      0,00      0,00      0,0020151030201510309999123120171206F                                                                                                                                                                                       03 S        32,26N020U0000860
0010172942ES0026000010172942HN0FHIDROCANTABRICO DISTRIBUCIÓN ELÉCTRICA            0026                                                                                 C0307600_031400320050511005  0000000400     10,39      0,0005S      10,39     10,39DD     10,39      0,00      0,00      0,00      0,00      0,00      0,0020150213201306019999123120180103J                                                                                                                                                                 C0307600              03 N        63,49N020U0003890
0010174225ES0026000010174225MF0FHIDROCANTABRICO DISTRIBUCIÓN ELÉCTRICA            0026                                                                                 C0307600_031400320050803005  0000000400     32,00      0,0005N      15,00     15,00D      15,00      0,00      0,00      0,00      0,00      0,00      0,0020140826201407019999123120171212J                                                                                                                                                                 C0307600              03 N         0,00N020U0009270
0010174257ES0026000010174257YQ0FHIDROCANTABRICO DISTRIBUCIÓN ELÉCTRICA            0026                                                                                 C0307600_031400320050712005  0000000400     25,00      0,0005N      15,00     15,00D      15,00      0,00      0,00      0,00      0,00      0,00      0,0020140826201407019999123120171212J                                                                                                                                                                 C0307600              03 N         0,00N021U0009270
0010174425ES0026000010174425ZT0FHIDROCANTABRICO DISTRIBUCIÓN ELÉCTRICA            0026                                                                                 C0307600_031400320051024005  0000000400     10,39      0,0005S      10,39     10,39DD     10,39      0,00      0,00      0,00      0,00      0,00      0,0020140826201004109999123120171206F                                                                                                                                                                 C0307600              03 S        58,08N020U0000860
0010174914ES0026000010174914NY0FHIDROCANTABRICO DISTRIBUCIÓN ELÉCTRICA            0026                                                                                 C0307600_031400320050915005  0000000400     11,50      0,0005S      10,39     10,39DD     10,39      0,00      0,00      0,00      0,00      0,00      0,0020171022201710229999123120180103J                                                                                                                                                                 C0306400              03 N        56,79N021U0007250
0010181501ES0026000010181501ES0FHIDROCANTABRICO DISTRIBUCIÓN ELÉCTRICA            0026                                                                                 C0307600_031400320130529005  0000000400     20,78      0,0005N      10,39     10,39D      10,39      0,00      0,00      0,00      0,00      0,00      0,0020140826        9999123120171206F                                                                                                                                                                 C0307600              03 N        68,29N020U0000860
0010181514ES0026000010181514TM0FHIDROCANTABRICO DISTRIBUCIÓN ELÉCTRICA            0026                                                                                 C0307600_031400320070920005  0000000400     20,78      0,0005S      13,86     13,86DD     13,86      0,00      0,00      0,00      0,00      0,00      0,0020150316201004109999123120171206F                                                                                                                                                                 C0307600              03 N        90,30N020U0000860
0010186002ES0026000010186002BP0FHIDROCANTABRICO DISTRIBUCIÓN ELÉCTRICA            0026                                                                                 C0307600_031400320060731005  0000000400     15,15      0,0005S      13,86     13,86DD     13,86      0,00      0,00      0,00      0,00      0,00      0,0020150213201407019999123120180103J                                                                                                                                                                 C0301400              03 N        81,91N021U0009270
0010188019ES0026000010188019FR0FHIDROCANTABRICO DISTRIBUCIÓN ELÉCTRICA            0026                                                                                 C0307600_031400320080307005  0000000400     17,20      0,0005N      10,39     10,39D      10,39      0,00      0,00      0,00      0,00      0,00      0,0020170923201709239999123120180103J                                                                                                                                                                 C0307600              03 N        69,93N020U0008360
0010189180ES0026000010189180BN0FHIDROCANTABRICO DISTRIBUCIÓN ELÉCTRICA            0026                                                                                 C0307600_031400320061027005  0000000400     13,86      0,0005N      13,86     13,86D      13,86      0,00      0,00      0,00      0,00      0,00      0,0020141120201004169999123120171212J                                                                                                                                                                 C0301500              03 N        81,91N020U0000860
0010189200ES0026000010189200ND0FHIDROCANTABRICO DISTRIBUCIÓN ELÉCTRICA            0026                                                                                 C0307600_031400320061027005  0000000400     13,86      0,0005N      13,86     13,86D      13,86      0,00      0,00      0,00      0,00      0,00      0,0020150316200904019999123120171212J                                                                                                                                                                 C0307600              03 N        81,91N020U0000860
0010189220ES0026000010189220JY0FHIDROCANTABRICO DISTRIBUCIÓN ELÉCTRICA            0026                                                                                 C0307600_031400320061027005  0000000400     13,86      0,0005N      13,86     13,86D      13,86      0,00      0,00      0,00      0,00      0,00      0,0020141120200904019999123120171212J                                                                                                                                                                 C0307600              03 N        81,91N020U0000860
0010190510ES0026000010190510TP0FHIDROCANTABRICO DISTRIBUCIÓN ELÉCTRICA            0026                                                                                 C0307600_031400320170111005  0000000230     10,35      0,0005N      10,35     10,35D      10,35      0,00      0,00      0,00      0,00      0,00      0,0020180102        9999123120171212F                                                                                                                                                                 C0307600              03 N        68,01N020M0009270
0010216026ES0026000010216026MV0FHIDROCANTABRICO DISTRIBUCIÓN ELÉCTRICA            0026                                                                                 C0307600_031400320071231005  0000000400      0,00      0,0005S      13,86     13,86TD     13,86      0,00      0,00      0,00      0,00      0,00      0,0020131104200907019999123120111010J                                                                                                                                                                 C0307600              03 N         0,00S030 00    0
0010218788ES0026000010218788XL0FHIDROCANTABRICO DISTRIBUCIÓN ELÉCTRICA            0026                                                                                 C0307600_031400320080723005  0000000400     10,39      0,0005N      10,39     10,39D      10,39      0,00      0,00      0,00      0,00      0,00      0,0020150206201502069999123120171212J                                                                                                                                                                 C0307600              03 N        73,97N021U0008360
0010237127ES0026000010237127AG0FHIDROCANTABRICO DISTRIBUCIÓN ELÉCTRICA            0026                                                                                 C0307600_031400320081128005  0000000400     10,39      0,0005S      10,39     10,39TD     10,39      0,00      0,00      0,00      0,00      0,00      0,0020131104200907012014092220100409J                                                                                                                                                                 C0306500              03 N         0,00N030 00    0
0010252420ES0026000010252420RW0FHIDROCANTABRICO DISTRIBUCIÓN ELÉCTRICA            0026                                                                                 C0307600_031400320091006005  0000000230      5,75      0,0005N      11,50     11,50D      11,50      0,00      0,00      0,00      0,00      0,00      0,0020160503201506299999123120180103F                                                                                                                                                                                       03 S        30,89N020M0009270
0010263339ES0026000010263339SL0FHIDROCANTABRICO DISTRIBUCIÓN ELÉCTRICA            0026                                                                                 C0307600_031400320100729005  0000000400     13,86      0,0005S      13,86     13,86DD     13,86      0,00      0,00      0,00      0,00      0,00      0,0020150713201507139999123120171204J                                                                                                                                                                 C0307600              03 N        70,80N020U0009270
0010501426ES0026000010501426VX0FHIDROCANTABRICO DISTRIBUCIÓN ELÉCTRICA            0026                                                                                 C0307600_031400320101029005  0000000400     15,62      0,0005S      13,86     13,86DD     13,86      0,00      0,00      0,00      0,00      0,00      0,0020150213201407019999123120180103F                                                                                                                                                                 C0307600              03 N        70,80N020U0009270
0010940050ES0026000010940050KR0FHIDROCANTABRICO DISTRIBUCIÓN ELÉCTRICA            0026                                                                                 C0307600_031400320170724005  0000000400     10,55      0,0005N      13,85     10,39D      10,39      0,00      0,00      0,00      0,00      0,00      0,0020170906        2020072920171231J                                                                                                                                                                 C0307600              03 N        68,29N020U0009270
0010943497ES0026000010943497DK0FHIDROCANTABRICO DISTRIBUCIÓN ELÉCTRICA            0026                                                                                 C0307600_031400320171130005  0000000400     15,00      0,0005N      13,86     13,86D      13,86      0,00      0,00      0,00      0,00      0,00      0,0020171201        9999123120171130J                                                                                                                                                                 C0306500              03 N         0,00N030U0000860
