0010097896ES0026000010097896KS0FHIDROCANTABRICO DISTRIBUCIÓN ELÉCTRICA            0026                                                                                 C0307600_031400320050121003  0000000400     89,10      0,0004ND     32,90     15,00D       5,00      6,00     15,00      0,00      0,00      0,00      0,0020150528201407012020020220171226J                                                                                                                                                                 C0307600              03 N       184,79N030U0009270
0010099158ES0026000010099158FN0FHIDROCANTABRICO DISTRIBUCIÓN ELÉCTRICA            0026                                                                                 C0307600_031400320051214003  0000000400     23,10      0,0004SD     20,79     20,79DD     20,79     20,79     20,79      0,00      0,00      0,00      0,0020150528201412249999123120171226J                                                                                                                                                                                       03 N       116,78N031U0008530
0010099262ES0026000010099262NR0FHIDROCANTABRICO DISTRIBUCIÓN ELÉCTRICA            0026                                                                                 C0307600_031400320051214003  0000000400     19,80      0,0004SD     17,32     17,32DD     17,32     17,32     17,32      0,00      0,00      0,00      0,0020150528201412249999123120171226J                                                                                                                                                                                       03 N        97,28N030U0008530
0010118592ES0026000010118592RB0FHIDROCANTABRICO DISTRIBUCIÓN ELÉCTRICA            0026                                                                                 C0307600_031400320080731003  0000000400     24,25      0,0004ND     24,25     24,25D      24,25     24,25     24,25      0,00      0,00      0,00      0,0020150528201407019999123120171226J                                                                                                                                                                 C0301400              03 N       171,82N031U0009270
0010118669ES0026000010118669GL0FHIDROCANTABRICO DISTRIBUCIÓN ELÉCTRICA            0026                                                                                 C0307600_031400320071005003  0000000400     30,25      0,0004SD     24,25     24,25DD     24,25     24,25     24,25      0,00      0,00      0,00      0,0020150528201407019999123120171226J                                                                                                                                                                 C0301400              03 N       158,86N031U0009270
0010134646ES0026000010134646DB0FHIDROCANTABRICO DISTRIBUCIÓN ELÉCTRICA            0026                                                                                 C0307600_031400320040218003  0000000400    299,90      0,0003ND    116,00    116,00T     116,00    116,00    116,00      0,00      0,00      0,00      0,0020170401201306019999123120171231J                                                                                                                                                                                       03 N       641,21N030 0000990
0010139122ES0026000010139122CW0FHIDROCANTABRICO DISTRIBUCIÓN ELÉCTRICA            0026                                                                                 C0307600_031400320040406003  0000000400     16,50      0,0004ND     17,32     17,32D      17,32     17,32     17,32      0,00      0,00      0,00      0,0020150528201407019999123120171226J                                                                                                                                                                 C0307600              03 N       267,96N031U0009270
0010139123ES0026000010139123CA0FHIDROCANTABRICO DISTRIBUCIÓN ELÉCTRICA            0026                                                                                 C0307600_031400320040406003  0000000400     33,00      0,0004ND     33,00     33,00D      33,00     33,00     33,00      0,00      0,00      0,00      0,0020150528201407019999123120171226J                                                                                                                                                                 C0307600              03 N       535,92N030U0009270
0010139124ES0026000010139124CG0FHIDROCANTABRICO DISTRIBUCIÓN ELÉCTRICA            0026                                                                                 C0307600_031400320040406003  0000000400     16,50      0,0004ND     17,32     17,32D      17,32     17,32     17,32      0,00      0,00      0,00      0,0020150528201407019999123120171226J                                                                                                                                                                 C0307600              03 N       267,96N030U0009270
0010139744ES0026000010139744RA0FHIDROCANTABRICO DISTRIBUCIÓN ELÉCTRICA            0026                                                                                 C0307600_031400320060809003  0000000400     12,01      0,0004SD     17,32     17,32DD     17,32     17,32     17,32      0,00      0,00      0,00      0,0020150528201302239999123120171226J                                                                                                                                                                 C0309900              03 N        61,40N031U0004990
0010140060ES0026000010140060ZC0FHIDROCANTABRICO DISTRIBUCIÓN ELÉCTRICA            0026                                                                                 C0307600_031400320040218003  0000000400     20,00      0,0004ND     17,32     17,32D      17,32     17,32     17,32      0,00      0,00      0,00      0,0020150528201407019999123120171226J                                                                                                                                                                 C0307600              03 N       101,64N030U0009270
0010143727ES0026000010143727JF0FHIDROCANTABRICO DISTRIBUCIÓN ELÉCTRICA            0026                                                                                 C0307600_031400320050303003  0000000400     45,00      0,0004ND     45,00     45,00T      45,00     45,00     45,00      0,00      0,00      0,00      0,0020170829201708299999123120171212F                                                                                                                                                                 C0307600              03 N       233,10N030 0009270
0010145277ES0026000010145277BQ0FHIDROCANTABRICO DISTRIBUCIÓN ELÉCTRICA            0026                                                                                 C0307600_031400320040510003  0000000400     23,10      0,0004ND     24,25     24,25D      24,25     24,25     24,25      0,00      0,00      0,00      0,0020150528201407019999123120171226J                                                                                                                                                                 C0307600              03 N       373,52N030U0009270
0010145282ES0026000010145282BK0FHIDROCANTABRICO DISTRIBUCIÓN ELÉCTRICA            0026                                                                                 C0307600_031400320040510003  0000000400     23,10      0,0004ND     23,00     23,00D      23,00     23,00     23,00      0,00      0,00      0,00      0,0020150528201407019999123120171226J                                                                                                                                                                 C0307600              03 N       373,52N030U0009270
0010155139ES0026000010155139AB0FHIDROCANTABRICO DISTRIBUCIÓN ELÉCTRICA            0026                                                                                 C0307600_031400320060628003  0000000400     17,90      0,0004ND     17,32     17,32D      17,32     17,32     17,32      0,00      0,00      0,00      0,0020150528200905059999123120171226J                                                                                                                                                                 C0307600              03 N        60,91N031U0000860
0010167740ES0026000010167740EP0FHIDROCANTABRICO DISTRIBUCIÓN ELÉCTRICA            0026                                                                                 C0307600_031400320080125003  0000000400     17,32      0,0004ND     17,32     15,00D       5,00      5,00     15,00      0,00      0,00      0,00      0,0020150528201407012019102820171226F                                                                                                                                                                 C0307600              03 N       117,21N030U0009270
0010173351ES0026000010173351JF0FHIDROCANTABRICO DISTRIBUCIÓN ELÉCTRICA            0026                                                                                 C0307600_031400320050825003  0000000400     15,00      0,0004ND     15,00     15,00D      15,00     15,00     15,00      0,00      0,00      0,00      0,0020170404201607229999123120171226J                                                                                                                                                                                       03 N        29,18N020U0000990
0010173353ES0026000010173353JD0FHIDROCANTABRICO DISTRIBUCIÓN ELÉCTRICA            0026                                                                                 C0307600_031400320050912003  0000000400     30,50      0,0004ND     16,00     16,00D      16,00     16,00     16,00      0,00      0,00      0,00      0,0020150528201306019999123120171226J                                                                                                                                                                                       03 N       155,64N030U0000990
0010175775ES0026000010175775AQ0FHIDROCANTABRICO DISTRIBUCIÓN ELÉCTRICA            0026                                                                                 C0307600_031400320050912003  0000000400     20,79      0,0004ND     40,00     40,00T      40,00     40,00     40,00      0,00      0,00      0,00      0,00201311042009070120121007        J                                                                                                                                                                 C0313300              03 N         0,00N030 00    0
0010181498ES0026000010181498EN0FHIDROCANTABRICO DISTRIBUCIÓN ELÉCTRICA            0026                                                                                 C0307600_031400320140909003  0000000400      5,75      0,0004ND     17,32     15,10D      10,00     10,00     15,10      0,00      0,00      0,00      0,0020170526201705262020081720171226J                                                                                                                                                                 C0307600              03 N        30,89N020U0001010
0010181504ES0026000010181504EH0FHIDROCANTABRICO DISTRIBUCIÓN ELÉCTRICA            0026                                                                                 C0307600_031400320060622003  0000000400     47,66      0,0004ND     22,00     15,01D      12,00     15,01      8,00      0,00      0,00      0,00      0,0020170126201701262020102720171226F                                                                                                                                                                 C0307600              03 N       154,82N030U0003890
0010181505ES0026000010181505EL0FHIDROCANTABRICO DISTRIBUCIÓN ELÉCTRICA            0026                                                                                 C0307600_031400320060502003  0000000400     28,65      0,0004ND     20,79     20,79D      20,79     20,79     20,79      0,00      0,00      0,00      0,0020160625201606259999123120171226F                                                                                                                                                                 C0307600              03 S       136,20N030U0007250
0010181511ES0026000010181511TW0FHIDROCANTABRICO DISTRIBUCIÓN ELÉCTRICA            0026                                                                                 C0307600_031400320130409003  0000000400      5,75      0,0004ND     17,32     17,32D      17,32     17,32     17,32      0,00      0,00      0,00      0,0020171011        9999123120171226F                                                                                                                                                                 C0307600              03 N       127,46N030U0000860
0010181513ES0026000010181513TG0FHIDROCANTABRICO DISTRIBUCIÓN ELÉCTRICA            0026                                                                                 C0307600_031400320070227003  0000000400     19,81      0,0004SD     17,32     17,32DD     17,32     17,32     17,32      0,00      0,00      0,00      0,0020150528201110259999123120171226F                                                                                                                                                                                       03 S        72,83N030U0000860
0010181521ES0026000010181521TN0FHIDROCANTABRICO DISTRIBUCIÓN ELÉCTRICA            0026                                                                                 C0307600_031400320060622003  0000000400     24,24      0,0004ND     20,79     20,79D      15,00     16,00     20,79      0,00      0,00      0,00      0,0020160728201603249999123120171226F                                                                                                                                                                 C0307600              03 N       122,00N030U0007250
0010181525ES0026000010181525TQ0FHIDROCANTABRICO DISTRIBUCIÓN ELÉCTRICA            0026                                                                                 C0307600_031400320070110003  0000000400     30,25      0,0004SD     27,71     27,71TD     27,71     27,71     27,71      0,00      0,00      0,00      0,00201311042009070199991231        F                                                                                                                                                                 C0309900              03 S         0,00S030 00    0
0010182754ES0026000010182754PA0FHIDROCANTABRICO DISTRIBUCIÓN ELÉCTRICA            0026                                                                                 C0307600_031400320061220003  0000000400     85,40      0,0003ND     85,00     85,00T      85,00     85,00     85,00      0,00      0,00      0,00      0,0020170401201407019999123120171231J                                                                                                                                                                 C0307600              03 N         0,00N030 0009270
0010184524ES0026000010184524QW0FHIDROCANTABRICO DISTRIBUCIÓN ELÉCTRICA            0026                                                                                 C0307600_031400320060517003  0000000400     17,32      0,0004SD     17,32     17,32DD     13,85     17,32     13,85      0,00      0,00      0,00      0,0020170526201705269999123120171226F                                                                                                                                                                 C0307600              03 N       127,46N030U0003890
0010185354ES0026000010185354YG0FHIDROCANTABRICO DISTRIBUCIÓN ELÉCTRICA            0026                                                                                 C0307600_031400320061129003  0000000400     44,48      0,0004SD     43,65     43,65DD     43,65     43,65     43,65      0,00      0,00      0,00      0,0020150528200907019999123120171226J                                                                                                                                                                 C0307600              03 N       258,20N030U0006420
0010186003ES0026000010186003BD0FHIDROCANTABRICO DISTRIBUCIÓN ELÉCTRICA            0026                                                                                 C0307600_031400320060731003  0000000400     18,50      0,0004SD     17,32     17,32DD     17,32     17,32     17,32      0,00      0,00      0,00      0,0020150528201407019999123120171226J                                                                                                                                                                 C0301400              03 N       102,45N031U0009270
0010190502ES0026000010190502TT0FHIDROCANTABRICO DISTRIBUCIÓN ELÉCTRICA            0026                                                                                 C0307600_031400320080417003  0000000400     17,32      0,0004ND     17,32     17,32D      17,32     17,32     17,32      0,00      0,00      0,00      0,0020161006201610069999123120171226F                                                                                                                                                                                       03 S        68,07N030U0000860
0010190503ES0026000010190503TR0FHIDROCANTABRICO DISTRIBUCIÓN ELÉCTRICA            0026                                                                                 C0307600_031400320080416003  0000000400     20,00      0,0004ND     17,32     17,32D      17,32     17,32     17,32      0,00      0,00      0,00      0,0020150528201107219999123120171226J                                                                                                                                                                 C0311300              03 N       117,21N030U0007250
0010190511ES0026000010190511TD0FHIDROCANTABRICO DISTRIBUCIÓN ELÉCTRICA            0026                                                                                 C0307600_031400320080811003  0000000400     27,71      0,0004ND     17,32     17,32D      17,32     17,32     17,32      0,00      0,00      0,00      0,0020171126201711269999123120171226F                                                                                                                                                                 C0307600              03 S       196,34N030U0009270
0010190516ES0026000010190516TZ0FHIDROCANTABRICO DISTRIBUCIÓN ELÉCTRICA            0026                                                                                 C0307600_031400320080416003  0000000400     27,53      0,0004ND     17,32     17,32D      17,32     17,32     17,32      0,00      0,00      0,00      0,0020160818201002179999123120171226J                                                                                                                                                                 C0309900              03 N       127,46N030U0000860
0010193778ES0026000010193778GX0FHIDROCANTABRICO DISTRIBUCIÓN ELÉCTRICA            0026                                                                                 C0307600_031400320080508003  0000000400    160,72      0,0004ND     50,00     50,00T      50,00     50,00     50,00      0,00      0,00      0,00      0,0020150528201303159999123120171226J                                                                                                                                                                 C0307600              03 N      1015,10N030 0006730
0010193870ES0026000010193870PX0FHIDROCANTABRICO DISTRIBUCIÓN ELÉCTRICA            0026                                                                                 C0307600_031400320061226003  0000000230     20,00      0,0004SD      3,45      3,45TD     17,32     17,32     17,32      0,00      0,00      0,00      0,0020140826201103022017100820141008J                                                                                                                                                                 C0306500              03 N         0,00N020 00    0
0010197282ES0026000010197282HH0FHIDROCANTABRICO DISTRIBUCIÓN ELÉCTRICA            0026                                                                                 C0307600_031400320071008003  0000000400     65,00      0,0003ND     55,00     55,00T      55,00     55,00     55,00      0,00      0,00      0,00      0,00201311042010021620131130        J                                                                                                                                                                 C0309900              03 N         0,00N030 00    0
0010206624ES0026000010206624XE0FHIDROCANTABRICO DISTRIBUCIÓN ELÉCTRICA            0026                                                                                 C0307600_031400320071130003  0000000400     30,91      0,0004ND     27,71     27,71T      27,70     27,70     27,70      0,00      0,00      0,00      0,00201311042009061220131028        J                                                                                                                                                                 C0301400              03 N         0,00N030 00    0
0010209831ES0026000010209831ND0FHIDROCANTABRICO DISTRIBUCIÓN ELÉCTRICA            0026                                                                                 C0307600_031400320071130003  0000000400     20,79      0,0004ND     20,79     20,79T      20,79     20,79     20,79      0,00      0,00      0,00      0,00201311042009091820130804        J                                                                                                                                                                 C0306500              03 N         0,00N030 00    0
0010211037ES0026000010211037HL0FHIDROCANTABRICO DISTRIBUCIÓN ELÉCTRICA            0026                                                                                 C0307600_031400320071022003  0000000400     29,57      0,0004ND     17,32     17,32D      17,32     17,32     17,32      0,00      0,00      0,00      0,0020150528201005189999123120171226J                                                                                                                                                                 C0307600              03 N       113,46N030U0000860
0010211048ES0026000010211048LF0FHIDROCANTABRICO DISTRIBUCIÓN ELÉCTRICA            0026                                                                                 C0307600_031400320120523003  0000000400      5,75      0,0004ND     17,32     17,32D      17,32     17,32     17,32      0,00      0,00      0,00      0,0020150528201407189999123120171226F                                                                                                                                                                 C0307600              03 N        28,41N030U0007250
0010252390ES0026000010252390EH0FHIDROCANTABRICO DISTRIBUCIÓN ELÉCTRICA            0026                                                                                 C0307600_031400320091006003  0000000400     10,50      0,0004SD     20,79     20,79DD     20,79     20,79     20,79      0,00      0,00      0,00      0,0020150528201005159999123120171226J                                                                                                                                                                 C0307600              03 N        43,50N030U0000860
0010501424ES0026000010501424VP0FHIDROCANTABRICO DISTRIBUCIÓN ELÉCTRICA            0026                                                                                 C0307600_031400320101029003  0000000400     17,32      0,0004ND     17,32     15,00D       7,00      8,00     15,00      0,00      0,00      0,00      0,0020150528201407012018090920171226F                                                                                                                                                                 C0307600              03 N        67,33N030U0009270
0010820990ES0026000010820990LN0FHIDROCANTABRICO DISTRIBUCIÓN ELÉCTRICA            0026                                                                                 C0307600_031400320140331003  0000000400     30,00      0,0004ND     27,71     27,71T      27,71     27,71     27,71      0,00      0,00      0,00      0,0020140514        2017091620140911J                                                                                                                                                                 C3306627              33 N         0,00N030 00    0
0010827152ES0026000010827152BX0FHIDROCANTABRICO DISTRIBUCIÓN ELÉCTRICA            0026                                                                                 C0307600_031400320140811003  0000000400     20,79      0,0004ND     20,79     20,79D      20,79     20,79     20,79      0,00      0,00      0,00      0,0020150528        9999123120171226J                                                                                                                                                                 C0307600              03 N       183,79N030U0000860
0010847333ES0026000010847333ZC0FHIDROCANTABRICO DISTRIBUCIÓN ELÉCTRICA            0026                                                                                 C0307600_031400320160504003  0000000400     27,71      0,0004ND     27,71     20,79T      20,79     20,79     20,79      0,00      0,00      0,00      0,0020160622        2019051720171219J                                                                                                                                                                 C0309900              03 N       245,05N031 00    0
0010849414ES0026000010849414JP0FHIDROCANTABRICO DISTRIBUCIÓN ELÉCTRICA            0026                                                                                 C0307600_031400320160829003  0000000400     27,71      0,0004ND     27,71     27,71D      27,71     27,71     27,71      0,00      0,00      0,00      0,0020160907        9999123120171226J                                                                                                                                                                 C0313300              03 N       245,03N031U0009270
0010850493ES0026000010850493ZY0FHIDROCANTABRICO DISTRIBUCIÓN ELÉCTRICA            0026                                                                                 C0307600_031400320170620003  0000000400     17,32      0,0004ND     17,32     17,32D      17,32     17,32     17,32      0,00      0,00      0,00      0,0020170627        2020062220171226J                                                                                                                                                                 C0304400              03 N       153,16N031U0007500
0010852145ES0026000010852145VW0FHIDROCANTABRICO DISTRIBUCIÓN ELÉCTRICA            0026                                                                                 C0307600_031400320161102003  0000000400     20,78      0,0004ND     20,79     20,79D      20,79     20,79     20,79      0,00      0,00      0,00      0,0020170117        9999123120171226J                                                                                                                                                                 C0313300              03 N       183,79N031U0000860
0010933446ES0026000010933446DK0FHIDROCANTABRICO DISTRIBUCIÓN ELÉCTRICA            0026                                                                                 C0307600_031400320170127003  0000000400     20,78      0,0004ND     20,79     20,79T      20,79     20,79     20,79      0,00      0,00      0,00      0,0020170202        2020120120171128J                                                                                                                                                                 C0306500              03 N       183,79N031 00    0
0010939328ES0026000010939328NS0FHIDROCANTABRICO DISTRIBUCIÓN ELÉCTRICA            0026                                                                                 C0307600_031400320170629003  0000000400     27,71      0,0004ND      0,00     27,71D      27,71     27,71     27,71      0,00      0,00      0,00      0,0020170706        2020070620171226J                                                                                                                                                                 C0309900              03 N       245,05N031U0000860
0010940049ES0026000010940049KT0FHIDROCANTABRICO DISTRIBUCIÓN ELÉCTRICA            0026                                                                                 C0307600_031400320170802003  0000000400     41,95      0,0004ND     34,64     20,78D      20,78     20,78     20,78      0,00      0,00      0,00      0,0020170804        2020080420171226J                                                                                                                                                                 C0307600              03 N       152,92N030U0009270
0010943969ES0026000010943969FX0FHIDROCANTABRICO DISTRIBUCIÓN ELÉCTRICA            0026                                                                                 C0307600_031400320171218003  0000000400      0,00      0,0004ND      0,00      0,00T      17,32     17,32     17,32      0,00      0,00      0,00      0,0020171218        99991231        J                                                                                                                                                                 C0307600              03 N         0,00N031 0009270
0010944610ES0026000010944610NF0FHIDROCANTABRICO DISTRIBUCIÓN ELÉCTRICA            0026                                                                                 C0307600_031400320171214003  0000000400      0,00      0,0004ND      0,00      0,00T      31,18     31,18     31,18      0,00      0,00      0,00      0,0020171214        99991231        J                                                                                                                                                                 C0309900              03 N         0,00N030 0000860
0010945463ES0026000010945463AD0FHIDROCANTABRICO DISTRIBUCIÓN ELÉCTRICA            0026                                                                                 C0307600_031400320171226003  0000000400     43,65      0,0004ND     43,65     43,65D      43,65     43,65     43,65      0,00      0,00      0,00      0,0020171228        9999123120171226J                                                                                                                                                                 C0309900              03 N         0,00N031U0000860
