0010092689ES0026000010092689WY0FHIDROCANTABRICO DISTRIBUCIÓN ELÉCTRICA            0026                                                                                 C0306500_032000320080305003  0000000400     25,53      0,0004ND     17,67     17,67D      17,67     17,67     17,67      0,00      0,00      0,00      0,0020161123201609159999123120171226J                                                                                                                                                                 C0306500              03 N       130,03N030U0000860
0010143627ES0026000010143627PE0FHIDROCANTABRICO DISTRIBUCIÓN ELÉCTRICA            0026                                                                                 C0306500_032000320041224003  0000000400    180,00      0,0003ND    150,00    127,00D     127,00    127,00    127,00      0,00      0,00      0,00      0,0020170905201603042018051320171130J                                                                                                                                                                 C1503600              15 N         0,00N030U00    0
0010169364ES0026000010169364TE0FHIDROCANTABRICO DISTRIBUCIÓN ELÉCTRICA            0026                                                                                 C0306500_032000320050303003  0000000400     16,50      0,0004ND     17,32     17,32D      17,32     17,32     17,32      0,00      0,00      0,00      0,0020170727201707279999123120171226J                                                                                                                                                                 C0306500              03 N       113,46N030U0000990
0010218569ES0026000010218569RF0FHIDROCANTABRICO DISTRIBUCIÓN ELÉCTRICA            0026                                                                                 C0306500_032000320080304003  0000000400     26,00      0,0004ND     24,25     24,25T      24,25     24,25     24,25      0,00      0,00      0,00      0,0020131104201002132016012220130115J                                                                                                                                                                 C0306500              03 N       465,41N030 00    0
0010219272ES0026000010219272PC0FHIDROCANTABRICO DISTRIBUCIÓN ELÉCTRICA            0026                                                                                 C0306500_032000320080429003  0000000400     49,00      0,0003ND    200,00    200,00T     200,00    200,00    200,00      0,00      0,00      0,00      0,00201311042009121820130506        J                                                                                                                                                                 C0301400              03 N         0,00N030 00    0
0010227072ES0026000010227072AT0FHIDROCANTABRICO DISTRIBUCIÓN ELÉCTRICA            0026                                                                                 C0306500_032000320080616003  0000000400     50,00      0,0004ND     43,65     43,65T      43,65     43,65     43,65      0,00      0,00      0,00      0,0020131104201002132015091120120907J                                                                                                                                                                 C0306500              03 N       837,74N030 00    0
0010239968ES0026000010239968BQ0FHIDROCANTABRICO DISTRIBUCIÓN ELÉCTRICA            0026                                                                                 C0306500_032000320090129003  0000000400     31,18      0,0004ND     15,01     15,01D      15,01     15,01     15,01      0,00      0,00      0,00      0,0020170727201707279999123120171226J                                                                                                                                                                 C0306500              03 N       214,12N030U0000990
0010498331ES0026000010498331CC0FHIDROCANTABRICO DISTRIBUCIÓN ELÉCTRICA            0026                                                                                 C0306500_032000320101201003  0000000400     17,32      0,0004ND     17,32     17,32T      17,32     17,32     17,32      0,00      0,00      0,00      0,0020131104201012029999123120110620J                                                                                                                                                                                       03 N         0,00S030 00    0
0010498556ES0026000010498556FS0FHIDROCANTABRICO DISTRIBUCIÓN ELÉCTRICA            0026                                                                                 C0306500_032000320100705003  0000000400     20,79      0,0004ND     20,79     20,79T      20,79     20,79     20,79      0,00      0,00      0,00      0,0020131104201007062015121920121211J                                                                                                                                                                 C0301400              03 N       184,14N030 00    0
0010505965ES0026000010505965FH0FHIDROCANTABRICO DISTRIBUCIÓN ELÉCTRICA            0026                                                                                 C0306500_032000320101104003  0000000400     34,60      0,0004ND     27,71     27,71T      27,71     27,71     27,71      0,00      0,00      0,00      0,0020131104201011052017033120140324J                                                                                                                                                                 C0306500              03 N         0,00N030 00    0
0010748083ES0026000010748083TS0FHIDROCANTABRICO DISTRIBUCIÓN ELÉCTRICA            0026                                                                                 C0306500_032000320110323003  0000000400     34,64      0,0004ND     34,64     34,64T      34,64     34,64     34,64      0,00      0,00      0,00      0,0020131104        2015122020121218J                                                                                                                                                                 C4625000              46 N         0,00N030 00    0
0010761129ES0026000010761129SC0FHIDROCANTABRICO DISTRIBUCIÓN ELÉCTRICA            0026                                                                                 C0306500_032000320111011003  0000000400     20,79      0,0004ND     20,79     20,79T      20,79     20,79     20,79      0,00      0,00      0,00      0,0020131104        2016051620130508J                                                                                                                                                                 C0301400              03 N       187,76N030 00    0
0010790896ES0026000010790896EW0FHIDROCANTABRICO DISTRIBUCIÓN ELÉCTRICA            0026                                                                                 C0306500_032000320121219003  0000000400      9,20      0,0004ND     15,01     15,01D       3,46      3,46     15,01      0,00      0,00      0,00      0,0020161228201612289999123120171226J                                                                                                                                                                 C0306500              03 N        97,71N030U0009270
0010790897ES0026000010790897EA0FHIDROCANTABRICO DISTRIBUCIÓN ELÉCTRICA            0026                                                                                 C0306500_032000320121219003  0000000400     62,35      0,0004ND     17,32     17,32D       2,00      2,00     17,32      0,00      0,00      0,00      0,0020161228201612289999123120171226J                                                                                                                                                                 C0306500              03 N       162,84N030U0009270
0010790929ES0026000010790929TN0FHIDROCANTABRICO DISTRIBUCIÓN ELÉCTRICA            0026                                                                                 C0306500_032000320121219003  0000000400      9,20      0,0004ND     15,10     15,01D       3,46      3,46     15,01      0,00      0,00      0,00      0,0020161228201612282019021120171226J                                                                                                                                                                 C0306500              03 N        97,71N031U0009270
0010790960ES0026000010790960RC0FHIDROCANTABRICO DISTRIBUCIÓN ELÉCTRICA            0026                                                                                 C0306500_032000320121219003  0000000400      9,20      0,0004ND     15,01     15,01D       3,46      3,46     15,01      0,00      0,00      0,00      0,0020161228201612289999123120171226J                                                                                                                                                                 C0306500              03 N        97,71N030U0009270
0010792905ES0026000010792905VX0FHIDROCANTABRICO DISTRIBUCIÓN ELÉCTRICA            0026                                                                                 C0306500_032000320130515003  0000000400     19,85      0,0004ND     17,32     17,32D      17,32     17,32     17,32      0,00      0,00      0,00      0,0020161125201611259999123120171226J                                                                                                                                                                 C0306500              03 N        81,42N031U0009240
0010797539ES0026000010797539BK0FHIDROCANTABRICO DISTRIBUCIÓN ELÉCTRICA            0026                                                                                 C0306500_032000320130520003  0000000400     27,71      0,0004ND     20,79     20,79D      20,79     20,79     20,79      0,00      0,00      0,00      0,0020150528        9999123120171226J                                                                                                                                                                 C0306500              03 N        97,71N030U0000860
0010849252ES0026000010849252YF0FHIDROCANTABRICO DISTRIBUCIÓN ELÉCTRICA            0026                                                                                 C0306500_032000320160523003  0000000400     30,00      0,0004ND     27,71     27,71D      27,71     27,71     27,71      0,00      0,00      0,00      0,0020160622        9999123120171226J                                                                                                                                                                 C0306500              03 N       245,05N031U0000860
0010933143ES0026000010933143LV0FHIDROCANTABRICO DISTRIBUCIÓN ELÉCTRICA            0026                                                                                 C0306500_032000320161216003  0000000400      0,00      0,0004ND     24,25     17,00D      17,00     17,00     17,00      0,00      0,00      0,00      0,0020170105        2019122020171226J                                                                                                                                                                 C0306500              03 N       150,32N031U0009270
0010942256ES0026000010942256RE0FHIDROCANTABRICO DISTRIBUCIÓN ELÉCTRICA            0026                                                                                 C0306500_032000320171023003  0000000400     16,00      0,0004ND     16,00     16,00D      16,00     16,00     16,00      0,00      0,00      0,00      0,0020171025        9999123120171226J                                                                                                                                                                 C0306500              03 N       141,48N031U0007500
