0000167997ES0026000000167997LK0FHIDROCANTABRICO DISTRIBUCIÓN ELÉCTRICA            0026                                                                                 C3303100_339003319970509006  0000000400     27,71      0,0005N      13,86     13,86D      13,86     13,86      0,00      0,00      0,00      0,00      0,0020170403201603259999123120171224J                                                                                                                                                                 C3303100              33 N         0,00N021U0009620
0000169034ES0026000000169034LT0FHIDROCANTABRICO DISTRIBUCIÓN ELÉCTRICA            0026                                                                                 C3303100_339003319970101006  0000000380     13,20      0,0005N      13,20     13,20D      13,20      0,00      0,00      0,00      0,00      0,00      0,0020161104201602292012090220171229J                                                                                                                                                                 C3303100              33 N         0,00N021U0009270
0000169309ES0026000000169309FE0FHIDROCANTABRICO DISTRIBUCIÓN ELÉCTRICA            0026                                                                                 C3303100_339003319880901006  0000000400     41,50      0,0005N      17,32     10,39D      10,39     10,39      0,00      0,00      0,00      0,00      0,0020171018201611162019012320171224J                                                                                                                                                                 C3303100              33 N        67,33N020U0008490
0000169610ES0026000000169610KR0FHIDROCANTABRICO DISTRIBUCIÓN ELÉCTRICA            0026                                                                                 C3303100_339003319990615006  0000000230      0,00      0,0005S      11,50     11,50TD     11,50      0,00      0,00      0,00      0,00      0,00      0,0020150805200912019999123120171225F                                                                                                                                                                 C3303100              33 S         0,00N021 0000860
0000169818ES0026000000169818FW0FHIDROCANTABRICO DISTRIBUCIÓN ELÉCTRICA            0026                                                                                 C3303100_339003319970707006  0000000400     23,10      0,0005S      13,86     13,86TD     13,86      0,00      0,00      0,00      0,00      0,00      0,0020131104200907012017010820131217F                                                                                                                                                                                       33 S         0,00N030 00    0
0000169886ES0026000000169886XR0FHIDROCANTABRICO DISTRIBUCIÓN ELÉCTRICA            0026                                                                                 C3303100_339003319970101006  0000000400      0,00      0,0005S      10,39     10,39TD     10,39      0,00      0,00      0,00      0,00      0,00      0,0020150411201504119999123120171226F                                                                                                                                                                                       33 N         0,00N021 0000860
0000169992ES0026000000169992ZS0FHIDROCANTABRICO DISTRIBUCIÓN ELÉCTRICA            0026                                                                                 C3303100_339003319920713006  0000000400      0,00      0,0005S      13,20     13,20TD     13,86      0,00      0,00      0,00      0,00      0,00      0,0020131104200907019999123120110522J                                                                                                                                                                 C3303100              33 N         0,00S031 00    0
0000170617ES0026000000170617HL0FHIDROCANTABRICO DISTRIBUCIÓN ELÉCTRICA            0026                                                                                 C3303100_339003319970319006  0000000400     27,71      0,0005N      15,00     10,39D      10,39      0,00      0,00      0,00      0,00      0,00      0,0020180102200904152021010420171223F                                                                                                                                                                 C3303100              33 S         0,00N021U0000860
0000170630ES0026000000170630LD0FHIDROCANTABRICO DISTRIBUCIÓN ELÉCTRICA            0026                                                                                 C3303100_339003319880901006  0000000380     41,50      0,0005N      15,00     15,00D      15,00      0,00      0,00      0,00      0,00      0,00      0,0020161214201502219999123120171231J                                                                                                                                                                 C0801900              08 N         0,00N021U0000990
0000412799ES0026000000412799ZB0FHIDROCANTABRICO DISTRIBUCIÓN ELÉCTRICA            0026                                                                                 C3303100_339003319910202006  0000000400      5,50      0,0005N      10,39     10,39D      10,39      0,00      0,00      0,00      0,00      0,00      0,0020171123201609309999123120171220F                                                                                                                                                                 C3303100              33 N        26,63N020U0008490
0000468193ES0026000000468193FK0FHIDROCANTABRICO DISTRIBUCIÓN ELÉCTRICA            0026                                                                                 C3303100_339003319980403006  0000000400      9,90      0,0005N      13,86     13,86D      13,86      0,00      0,00      0,00      0,00      0,00      0,0020170223201702239999123120171227F                                                                                                                                                                                       33 S         0,00N021U0000860
0000598203ES0026000000598203WN0FHIDROCANTABRICO DISTRIBUCIÓN ELÉCTRICA            0026                                                                                 C3303100_339003319970101006  0000000220      0,00      0,0005N      12,00     12,00D      12,00      0,00      0,00      0,00      0,00      0,00      0,0020160229201602299999123120180102J                                                                                                                                                                 C3303100              33 N         0,00N021U0009270
0000598204ES0026000000598204WJ0FHIDROCANTABRICO DISTRIBUCIÓN ELÉCTRICA            0026                                                                                 C3303100_339003319970101006  0000000220      0,00      0,0005N      11,00     11,00T      11,00      0,00      0,00      0,00      0,00      0,00      0,0020160229201602299999123120171230J                                                                                                                                                                 C3303100              33 N         0,00N021 0009270
0000598208ES0026000000598208WV0FHIDROCANTABRICO DISTRIBUCIÓN ELÉCTRICA            0026                                                                                 C3303100_339003319970101006  0000000220      0,00      0,0005N      15,00     15,00T      15,00      0,00      0,00      0,00      0,00      0,00      0,0020170320201602299999123120171220J                                                                                                                                                                 C3303100              33 N         0,00N021 0009270
0000598209ES0026000000598209WH0FHIDROCANTABRICO DISTRIBUCIÓN ELÉCTRICA            0026                                                                                 C3303100_339003319970101006  0000000220      0,00      0,0005N      15,00     15,00T      15,00      0,00      0,00      0,00      0,00      0,00      0,0020131104200909242013060820100528J                                                                                                                                                                 C3303100              33 N         0,00N031 00    0
0000758954ES0026000000758954EQ0FHIDROCANTABRICO DISTRIBUCIÓN ELÉCTRICA            0026                                                                                 C3303100_339003319970101006  0000000380     13,90      0,0005S      13,20     13,20TD     13,20      0,00      0,00      0,00      0,00      0,00      0,0020150604200910069999123120180102J                                                                                                                                                                 C3303100              33 N         0,00N021 0000860
0000777518ES0026000000777518RL0FHIDROCANTABRICO DISTRIBUCIÓN ELÉCTRICA            0026                                                                                 C3303100_339003319930818006  0000000230     12,30      0,0005N      11,50     11,50T      11,50      0,00      0,00      0,00      0,00      0,00      0,0020170617201706179999123120171224F                                                                                                                                                                 C3303100              33 S         0,00N021 0000860
0000786173ES0026000000786173XA0FHIDROCANTABRICO DISTRIBUCIÓN ELÉCTRICA            0026                                                                                 C3303100_339003319970320006  0000000230     13,90      0,0005S      10,35     10,35TD     10,35      0,00      0,00      0,00      0,00      0,00      0,0020150416200912019999123120171225F                                                                                                                                                                                       33 S         0,00N021 0000860
0000795869ES0026000000795869VQ0FHIDROCANTABRICO DISTRIBUCIÓN ELÉCTRICA            0026                                                                                 C3303100_339003320010221006  0000000400     10,39      0,0005S      10,39     10,39TD     10,39      0,00      0,00      0,00      0,00      0,00      0,0020150323200908269999123120171230J                                                                                                                                                                 C3304419              33 N         0,00N021 0000860
0000810600ES0026000000810600ZG0FHIDROCANTABRICO DISTRIBUCIÓN ELÉCTRICA            0026                                                                                 C3303100_339003319950912006  0000000230      4,40      0,0005N      14,49     14,49D      14,49      0,00      0,00      0,00      0,00      0,00      0,0020170719201603069999123120171219F                                                                                                                                                                                       33 N        81,26N020U0000910
0000827908ES0026000000827908FQ0FHIDROCANTABRICO DISTRIBUCIÓN ELÉCTRICA            0026                                                                                 C3303100_339003319970101006  0000000230     13,90      0,0005S      10,35     10,35TD     10,35      0,00      0,00      0,00      0,00      0,00      0,0020160613200912019999123120171225F                                                                                                                                                                                       33 S         0,00N021 0000860
0000876383ES0026000000876383EF0FHIDROCANTABRICO DISTRIBUCIÓN ELÉCTRICA            0026                                                                                 C3303100_339003319990927006  0000000400     19,80      0,0005N      13,86     13,86D      13,86      0,00      0,00      0,00      0,00      0,00      0,0020171230201710089999123120171230J                                                                                                                                                                 C3303100              33 N         0,00N021U0000910
0000879747ES0026000000879747FJ0FHIDROCANTABRICO DISTRIBUCIÓN ELÉCTRICA            0026                                                                                 C3303100_339003319991220006  0000000400     17,30      0,0005S      13,86     13,86TD     13,86      0,00      0,00      0,00      0,00      0,00      0,0020150416201407019999123120171226J                                                                                                                                                                 C2811500              28 N         0,00N020 0004170
0000902816ES0026000000902816KJ0FHIDROCANTABRICO DISTRIBUCIÓN ELÉCTRICA            0026                                                                                 C3303100_339003320010523006  0000000230     13,90      0,0005S      10,35     10,35TD     10,35      0,00      0,00      0,00      0,00      0,00      0,0020151007200910019999123120171225F                                                                                                                                                                 C3303100              33 S         0,00N021 0000860
0010064819ES0026000010064819DN0FHIDROCANTABRICO DISTRIBUCIÓN ELÉCTRICA            0026                                                                                 C3303100_339003320040120006  0000000230     13,80      0,0005S      10,35     10,35DD     10,35      0,00      0,00      0,00      0,00      0,00      0,0020150604200912019999123120171225F                                                                                                                                                                 C3303100              33 S        30,34N020M0000860
0010064821ES0026000010064821DZ0FHIDROCANTABRICO DISTRIBUCIÓN ELÉCTRICA            0026                                                                                 C3303100_339003320040116006  0000000230     13,80      0,0005S      10,35     10,35DD     10,35      0,00      0,00      0,00      0,00      0,00      0,0020171229201712299999123120171229F                                                                                                                                                                 C3303100              33 S        30,34N020M0000860
0010064826ES0026000010064826DL0FHIDROCANTABRICO DISTRIBUCIÓN ELÉCTRICA            0026                                                                                 C3303100_339003320040116006  0000000230     13,80      0,0005S      10,35     10,35DD     10,35      0,00      0,00      0,00      0,00      0,00      0,0020150604201412309999123120171230F                                                                                                                                                                 C3303100              33 S        30,34N020M0009270
0010077700ES0026000010077700VJ0FHIDROCANTABRICO DISTRIBUCIÓN ELÉCTRICA            0026                                                                                 C3303100_339003320020806006  0000000400     21,12      0,0005N      13,20     10,39D      10,39      0,00      0,00      0,00      0,00      0,00      0,0020171016201710182020101920171225J                                                                                                                                                                 C3303100              33 N        70,69N020U0000910
0010107266ES0026000010107266SR0FHIDROCANTABRICO DISTRIBUCIÓN ELÉCTRICA            0026                                                                                 C3303100_339003320030429006  0000000400  27712,00      0,0005S      15,00     15,00TD     15,00      0,00      0,00      0,00      0,00      0,00      0,0020150323200910019999123120171226F                                                                                                                                                                 C3303100              33 N         0,00N020 0000860
0010149151ES0026000010149151LA0FHIDROCANTABRICO DISTRIBUCIÓN ELÉCTRICA            0026                                                                                 C3303100_339003320040528006  0000000230     14,49      0,0005N      14,49     14,49D      14,49      0,00      0,00      0,00      0,00      0,00      0,0020150416201207069999123120171225F                                                                                                                                                                 C3303100              33 S        30,34N020M0000860
0010149188ES0026000010149188CV0FHIDROCANTABRICO DISTRIBUCIÓN ELÉCTRICA            0026                                                                                 C3303100_339003320040528006  0000000230     14,49      0,0005N      14,49     14,49D      14,49      0,00      0,00      0,00      0,00      0,00      0,0020150416200910309999123120171225F                                                                                                                                                                 C3303100              33 S        30,34N020M0000860
0010160360ES0026000010160360TB0FHIDROCANTABRICO DISTRIBUCIÓN ELÉCTRICA            0026                                                                                 C3303100_339003320041026006  0000000230     14,49      0,0005S      14,49     14,49DD     14,49      0,00      0,00      0,00      0,00      0,00      0,0020131104200910019999123120180104F                                                                                                                                                                 C3303106              33 S        42,47N030M0000860
0010162766ES0026000010162766JW0FHIDROCANTABRICO DISTRIBUCIÓN ELÉCTRICA            0026                                                                                 C3303100_339003320041220006  0000000400     13,90      0,0005N      13,20     13,20D      13,20      0,00      0,00      0,00      0,00      0,00      0,0020160229201602299999123120171220J                                                                                                                                                                 C3303100              33 N         0,00N020U0009270
