0010092701ES0026000010092701WH0FHIDROCANTABRICO DISTRIBUCIÓN ELÉCTRICA            0026                                                                                 C0306500_032000320050207004  0000000230      5,75      0,0005SC      4,60      4,60DD      4,60      4,60      0,00      0,00      0,00      0,00      0,0020160323201407019999123120171230F                                                                                                                                                                 C0306500              03 S        18,52N020M0009270
0010116678ES0026000010116678XY0FHIDROCANTABRICO DISTRIBUCIÓN ELÉCTRICA            0026                                                                                 C0306500_032000320060119004  0000000230      5,75      0,0005NC      4,60      4,60D       4,60      0,00      0,00      0,00      0,00      0,00      0,0020170724201707289999123120171229F                                                                                                                                                                                       03 S        15,84N020M0004990
0010152930ES0026000010152930EX0FHIDROCANTABRICO DISTRIBUCIÓN ELÉCTRICA            0026                                                                                 C0306500_032000320040805004  0000000230      2,70      0,0005NC      2,30      2,30D       2,30      0,00      0,00      0,00      0,00      0,00      0,0020150216201109309999123120171229J                                                                                                                                                                 C0306500              03 N         0,00N020M0006380
0010152931ES0026000010152931EB0FHIDROCANTABRICO DISTRIBUCIÓN ELÉCTRICA            0026                                                                                 C0306500_032000320040805004  0000000230      2,10      0,0005NC      1,15      1,15D       1,15      0,00      0,00      0,00      0,00      0,00      0,0020160323201109309999123120171231J                                                                                                                                                                 C0306500              03 N         0,00N020M0006380
0010152932ES0026000010152932EN0FHIDROCANTABRICO DISTRIBUCIÓN ELÉCTRICA            0026                                                                                 C0306500_032000320040805004  0000000230      2,55      0,0005NC      2,30      2,30D       2,30      2,30      0,00      0,00      0,00      0,00      0,0020150216201109309999123120171229J                                                                                                                                                                 C0306500              03 N         0,00N020M0006380
0010165588ES0026000010165588CH0FHIDROCANTABRICO DISTRIBUCIÓN ELÉCTRICA            0026                                                                                 C0306500_032000320041228004  0000000230      8,00      0,0005NC      4,60      4,60D       4,60      0,00      0,00      0,00      0,00      0,00      0,0020170909201407229999123120171229F                                                                                                                                                                                       03 S        30,34N020M0010490
0010165591ES0026000010165591CK0FHIDROCANTABRICO DISTRIBUCIÓN ELÉCTRICA            0026                                                                                 C0306500_032000320050408004  0000000230      8,00      0,0005SC      5,75      5,75DD      5,75      0,00      0,00      0,00      0,00      0,00      0,0020150216201210069999123120171229F                                                                                                                                                                                       03 S        38,72N020M0000860
0010165597ES0026000010165597KG0FHIDROCANTABRICO DISTRIBUCIÓN ELÉCTRICA            0026                                                                                 C0306500_032000320160616004  0000000230      9,20      0,0005NC      9,20      9,20D       9,20      9,20      0,00      0,00      0,00      0,00      0,0020160810        9999123120171229F                                                                                                                                                                 C0306500              03 S        29,17N020M0007500
0010173701ES0026000010173701MN0FHIDROCANTABRICO DISTRIBUCIÓN ELÉCTRICA            0026                                                                                 C0306500_032000320050919004  0000000230      5,75      0,0005SC      3,45      3,45DD      3,45      0,00      0,00      0,00      0,00      0,00      0,0020170217201702179999123120171229F                                                                                                                                                                                       03 S        19,36N020M0000860
0010173724ES0026000010173724YN0FHIDROCANTABRICO DISTRIBUCIÓN ELÉCTRICA            0026                                                                                 C0306500_032000320051109004  0000000230      5,75      0,0005SC      5,75      5,75DD      5,75      0,00      0,00      0,00      0,00      0,00      0,0020150216201002069999123120171229F                                                                                                                                                                                       03 S        32,26N020M0000860
0010213076ES0026000010213076SB0FHIDROCANTABRICO DISTRIBUCIÓN ELÉCTRICA            0026                                                                                 C0306500_032000320071115004  0000000230      4,60      0,0005NC      3,00      3,00D       3,00      0,00      0,00      0,00      0,00      0,00      0,0020140826201109309999123120171208J                                                                                                                                                                 C0306500              03 N         0,00N020M0006380
0010213091ES0026000010213091QA0FHIDROCANTABRICO DISTRIBUCIÓN ELÉCTRICA            0026                                                                                 C0306500_032000320071115004  0000000230      4,60      0,0005NC      4,60      4,60D       4,60      0,00      0,00      0,00      0,00      0,00      0,0020160111201109309999123120171231J                                                                                                                                                                 C0306500              03 N         0,00N020M0006380
0010234172ES0026000010234172NQ0FHIDROCANTABRICO DISTRIBUCIÓN ELÉCTRICA            0026                                                                                 C0306500_032000320110201004  0000000230      9,20      0,0005NC      3,45      3,45D       3,45      0,00      0,00      0,00      0,00      0,00      0,0020171121201404159999123120171229F                                                                                                                                                                 C0306500              03 S        14,35N020M0000910
0010234175ES0026000010234175NL0FHIDROCANTABRICO DISTRIBUCIÓN ELÉCTRICA            0026                                                                                 C0306500_032000320130902004  0000000230      9,20      0,0005NC      5,75      5,75D       5,75      0,00      0,00      0,00      0,00      0,00      0,0020151106201511119999123120171229F                                                                                                                                                                 C0306500              03 S        30,48N020M0007500
0010234176ES0026000010234176NC0FHIDROCANTABRICO DISTRIBUCIÓN ELÉCTRICA            0026                                                                                 C0306500_032000320100223004  0000000230      9,20      0,0005SC      2,30      2,30DD      2,30      0,00      0,00      0,00      0,00      0,00      0,0020170720201707209999123120171229F                                                                                                                                                                                       03 S         9,86N020M0006380
0010234319ES0026000010234319LW0FHIDROCANTABRICO DISTRIBUCIÓN ELÉCTRICA            0026                                                                                 C0306500_032000320081210004  0000000230      9,20      0,0005NC      5,75      5,75D       5,75      5,75      0,00      0,00      0,00      0,00      0,0020151212201510229999123120171229F                                                                                                                                                                 C0306500              03 S        40,17N020M0009270
0010234328ES0026000010234328LB0FHIDROCANTABRICO DISTRIBUCIÓN ELÉCTRICA            0026                                                                                 C0306500_032000320081210004  0000000230      9,20      0,0005NC      6,90      4,60D       4,60      0,00      0,00      0,00      0,00      0,00      0,0020160827201404182019111620171229F                                                                                                                                                                 C0306500              03 S        48,21N020M0000910
0010234334ES0026000010234334LV0FHIDROCANTABRICO DISTRIBUCIÓN ELÉCTRICA            0026                                                                                 C0306500_032000320081210004  0000000230      9,20      0,0005NC      4,60      4,60D       4,60      4,60      0,00      0,00      0,00      0,00      0,0020150216201407019999123120171229F                                                                                                                                                                 C0306500              03 S        22,65N020M0009270
0010234336ES0026000010234336LL0FHIDROCANTABRICO DISTRIBUCIÓN ELÉCTRICA            0026                                                                                 C0306500_032000320090702004  0000000230      9,20      0,0005NC      8,05      8,05D       8,05      0,00      0,00      0,00      0,00      0,00      0,0020160412201604129999123120180101F                                                                                                                                                                                       03 S        58,49N020M0007500
0010234366ES0026000010234366KA0FHIDROCANTABRICO DISTRIBUCIÓN ELÉCTRICA            0026                                                                                 C0306500_032000320140328004  0000000230      9,20      0,0005NC      4,60      4,60D       4,60      0,00      0,00      0,00      0,00      0,00      0,0020160707201607079999123120171229F                                                                                                                                                                                       03 S        24,71N020M0006421
0010449049ES0026000010449049VG0FHIDROCANTABRICO DISTRIBUCIÓN ELÉCTRICA            0026                                                                                 C0306500_032000320100611004  0000000230      4,90      0,0005NC      4,60      4,60D       4,60      0,00      0,00      0,00      0,00      0,00      0,0020160111201006129999123120171229J                                                                                                                                                                 C0306500              03 N         0,00N020M0006420
0010449051ES0026000010449051VY0FHIDROCANTABRICO DISTRIBUCIÓN ELÉCTRICA            0026                                                                                 C0306500_032000320100624004  0000000230      4,90      0,0005NC      1,73      1,73D       1,73      0,00      0,00      0,00      0,00      0,00      0,0020151022201006259999123120171229J                                                                                                                                                                 C0306500              03 N         0,00N020M0006420
0010449052ES0026000010449052VF0FHIDROCANTABRICO DISTRIBUCIÓN ELÉCTRICA            0026                                                                                 C0306500_032000320100611004  0000000230      4,90      0,0005NC      2,30      2,30D       2,30      0,00      0,00      0,00      0,00      0,00      0,0020150211201006129999123120171210J                                                                                                                                                                 C0306500              03 N         0,00N020M0006420
0010449053ES0026000010449053VP0FHIDROCANTABRICO DISTRIBUCIÓN ELÉCTRICA            0026                                                                                 C0306500_032000320100611004  0000000230      4,90      0,0005NC      4,60      4,60D       4,60      0,00      0,00      0,00      0,00      0,00      0,0020151209201006129999123120171230J                                                                                                                                                                 C0306500              03 N         0,00N020M0006420
0010449054ES0026000010449054VD0FHIDROCANTABRICO DISTRIBUCIÓN ELÉCTRICA            0026                                                                                 C0306500_032000320100611004  0000000230      4,90      0,0005NC      3,45      3,45D       3,45      0,00      0,00      0,00      0,00      0,00      0,0020150211201006129999123120171210J                                                                                                                                                                 C0306500              03 N         0,00N020M0006420
0010790903ES0026000010790903ED0FHIDROCANTABRICO DISTRIBUCIÓN ELÉCTRICA            0026                                                                                 C0306500_032000320150727004  0000000230      9,20      0,0005NC      9,20      4,60D       4,60      0,00      0,00      0,00      0,00      0,00      0,0020170826201707072018072820171231F                                                                                                                                                                 C0306500              03 S        24,71N020M0009270
0010790905ES0026000010790905EB0FHIDROCANTABRICO DISTRIBUCIÓN ELÉCTRICA            0026                                                                                 C0306500_032000320130822004  0000000230      9,20      0,0005NC      4,60      4,60D       4,60      0,00      0,00      0,00      0,00      0,00      0,0020170214        9999123120171225F                                                                                                                                                                 C0306500              03 S        24,38N020M0000860
0010790906ES0026000010790906EN0FHIDROCANTABRICO DISTRIBUCIÓN ELÉCTRICA            0026                                                                                 C0306500_032000320130418004  0000000230      9,20      0,0005NC      3,45      3,45D       3,45      3,45      0,00      0,00      0,00      0,00      0,0020170721201707249999123120171229F                                                                                                                                                                 C0306500              03 S        10,94N020M0009270
0010790910ES0026000010790910EQ0FHIDROCANTABRICO DISTRIBUCIÓN ELÉCTRICA            0026                                                                                 C0306500_032000320140422004  0000000230      9,20      0,0005NC      4,60      4,60D       4,60      0,00      0,00      0,00      0,00      0,00      0,0020150213        9999123120171225F                                                                                                                                                                 C0306500              03 S        14,58N020M0007500
0010790914ES0026000010790914EC0FHIDROCANTABRICO DISTRIBUCIÓN ELÉCTRICA            0026                                                                                 C0306500_032000320131216004  0000000230      9,20      0,0005NC      6,90      3,45D       3,45      0,00      0,00      0,00      0,00      0,00      0,0020170916201709182020050220171229F                                                                                                                                                                                       03 S        10,94N020M0007560
0010790923ES0026000010790923TY0FHIDROCANTABRICO DISTRIBUCIÓN ELÉCTRICA            0026                                                                                 C0306500_032000320140813004  0000000230      9,20      0,0005NC      4,60      4,60D       4,60      0,00      0,00      0,00      0,00      0,00      0,0020170908        9999123120171225F                                                                                                                                                                                       03 S        24,71N020M0000860
0010790926ES0026000010790926TD0FHIDROCANTABRICO DISTRIBUCIÓN ELÉCTRICA            0026                                                                                 C0306500_032000320130612004  0000000230      9,20      0,0005NC      3,45      3,45D       3,45      0,00      0,00      0,00      0,00      0,00      0,0020160915201609169999123120171230F                                                                                                                                                                                       03 S        17,04N021M0004990
0010790976ES0026000010790976WJ0FHIDROCANTABRICO DISTRIBUCIÓN ELÉCTRICA            0026                                                                                 C0306500_032000320131011004  0000000230      9,20      0,0005NC      3,45      3,45D       3,45      0,00      0,00      0,00      0,00      0,00      0,0020160219201410319999123120171229F                                                                                                                                                                 C0306500              03 S        18,53N020M0000910
0010792882ES0026000010792882QX0FHIDROCANTABRICO DISTRIBUCIÓN ELÉCTRICA            0026                                                                                 C0306500_032000320160203004  0000000230      9,20      0,0005NC      9,20      5,75D       5,75      0,00      0,00      0,00      0,00      0,00      0,0020170213201702152019020520171231F                                                                                                                                                                 C0306500              03 S        30,89N020M0007560
0010792883ES0026000010792883QB0FHIDROCANTABRICO DISTRIBUCIÓN ELÉCTRICA            0026                                                                                 C0306500_032000320140611004  0000000230      9,20      0,0005NC      4,60      4,60D       4,60      0,00      0,00      0,00      0,00      0,00      0,0020170110201701139999123120171229F                                                                                                                                                                 C0306500              03 S        18,53N020M0000910
0010792887ES0026000010792887QS0FHIDROCANTABRICO DISTRIBUCIÓN ELÉCTRICA            0026                                                                                 C0306500_032000320130515004  0000000230      9,20      0,0005NC      5,75      5,75D       5,75      0,00      0,00      0,00      0,00      0,00      0,0020150213201409199999123120171225F                                                                                                                                                                                       03 S        28,41N020M0000860
0010792895ES0026000010792895VT0FHIDROCANTABRICO DISTRIBUCIÓN ELÉCTRICA            0026                                                                                 C0306500_032000320130515004  0000000230      9,20      0,0005NC      5,75      5,75D       5,75      0,00      0,00      0,00      0,00      0,00      0,0020170626201706269999123120171225F                                                                                                                                                                                       03 S        28,41N021M0010490
0010792902ES0026000010792902VF0FHIDROCANTABRICO DISTRIBUCIÓN ELÉCTRICA            0026                                                                                 C0306500_032000320151119004  0000000230      9,20      0,0005NC      9,20      3,45D       3,45      0,00      0,00      0,00      0,00      0,00      0,0020170707        2018112120171231F                                                                                                                                                                 C0306500              03 N        18,53N020M0009270
0010797523ES0026000010797523BM0FHIDROCANTABRICO DISTRIBUCIÓN ELÉCTRICA            0026                                                                                 C0306500_032000320130523004  0000000400      6,90      0,0005NC      6,90      2,08D       2,08      0,00      0,00      0,00      0,00      0,00      0,0020171212201711302020121320171225J                                                                                                                                                                 C0306500              03 N        34,09N020M0009270
0010797524ES0026000010797524BY0FHIDROCANTABRICO DISTRIBUCIÓN ELÉCTRICA            0026                                                                                 C0306500_032000320130528004  0000000400     10,39      0,0005NC     10,39      6,93D       6,93      0,00      0,00      0,00      0,00      0,00      0,0020171215201712012020121920171225J                                                                                                                                                                 C0306500              03 N        63,49N020U0009270
0010797528ES0026000010797528BX0FHIDROCANTABRICO DISTRIBUCIÓN ELÉCTRICA            0026                                                                                 C0306500_032000320130520004  0000000400      0,00      0,0005NC     10,39      3,46D       3,46      0,00      0,00      0,00      0,00      0,00      0,0020171215201712012020121920171225J                                                                                                                                                                 C0306500              03 N        63,49N020U0009270
0010797530ES0026000010797530BN0FHIDROCANTABRICO DISTRIBUCIÓN ELÉCTRICA            0026                                                                                 C0306500_032000320150529004  0000000230      9,20      0,0005NC      9,20      5,75D       5,75      0,00      0,00      0,00      0,00      0,00      0,0020170307201702222018060120180102F                                                                                                                                                                 C0306500              03 S        30,89N020M0009270
0010797548ES0026000010797548NF0FHIDROCANTABRICO DISTRIBUCIÓN ELÉCTRICA            0026                                                                                 C0306500_032000320130722004  0000000230      9,20      0,0005NC      3,45      3,45D       3,45      0,00      0,00      0,00      0,00      0,00      0,0020170419201704199999123120171225F                                                                                                                                                                                       03 S        17,04N020M0009270
0010797554ES0026000010797554NJ0FHIDROCANTABRICO DISTRIBUCIÓN ELÉCTRICA            0026                                                                                 C0306500_032000320130626004  0000000230      9,20      0,0005NC      5,75      5,75D       5,75      0,00      0,00      0,00      0,00      0,00      0,0020150607201506079999123120171225F                                                                                                                                                                                       03 S        17,04N020M0000860
0010797562ES0026000010797562NK0FHIDROCANTABRICO DISTRIBUCIÓN ELÉCTRICA            0026                                                                                 C0306500_032000320130712004  0000000230      9,20      0,0005NC      4,60      4,60D       4,60      0,00      0,00      0,00      0,00      0,00      0,0020160401        9999123120171225F                                                                                                                                                                                       03 S        22,73N020M0000860
0010797570ES0026000010797570JY0FHIDROCANTABRICO DISTRIBUCIÓN ELÉCTRICA            0026                                                                                 C0306500_032000320140331004  0000000400      9,20      0,0005NC     17,32      3,46D       3,46      0,00      0,00      0,00      0,00      0,00      0,0020180104201711302021010520171230J                                                                                                                                                                 C0306500              03 N       127,46N030U0009270
0010797587ES0026000010797587ZT0FHIDROCANTABRICO DISTRIBUCIÓN ELÉCTRICA            0026                                                                                 C0306500_032000320151005004  0000000230      9,20      0,0005NC      9,20      3,45D       3,45      0,00      0,00      0,00      0,00      0,00      0,0020151022        2018100620171230F                                                                                                                                                                 C0306500              03 S        10,94N020M0000860
0010797772ES0026000010797772ER0FHIDROCANTABRICO DISTRIBUCIÓN ELÉCTRICA            0026                                                                                 C0306500_032000320130521004  0000000400     16,44      0,0005NC     16,33      5,20D       5,20      0,00      0,00      0,00      0,00      0,00      0,0020180104201711302021010420171229J                                                                                                                                                                 C0306500              03 N        76,77N030U0009270
