0000167975ES0026000000167975HE0FHIDROCANTABRICO DISTRIBUCIÓN ELÉCTRICA            0026                                                                                 C3303100_339003319880901003  0000000400     27,68      0,0004ND     17,32     17,32D      17,32     17,32     17,32      0,00      0,00      0,00      0,0020131104201011249999123120180104J                                                                                                                                                                 C0801900              08 N         0,00N031U0000910
0000168140ES0026000000168140AA0FHIDROCANTABRICO DISTRIBUCIÓN ELÉCTRICA            0026                                                                                 C3303100_339003319880901003  0000000400    131,50      0,0004ND     50,00     50,00T      34,64     34,64     50,00      0,00      0,00      0,00      0,0020170602201604019999123120180104J                                                                                                                                                                 C3303100              33 N         0,00N031 0011280
0000168141ES0026000000168141AG0FHIDROCANTABRICO DISTRIBUCIÓN ELÉCTRICA            0026                                                                                 C3303100_339003319981006003  0000000400      0,00      0,0004ND     26,30     26,30D      15,10     17,00     26,30      0,00      0,00      0,00      0,0020170719201305019999123120171221J                                                                                                                                                                 C3303100              33 N         0,00N031U0010270
0000168205ES0026000000168205ME0FHIDROCANTABRICO DISTRIBUCIÓN ELÉCTRICA            0026                                                                                 C3303100_339003319880901003  0000000400     27,68      0,0004ND     17,32     17,32D      17,32     17,32     17,32      0,00      0,00      0,00      0,0020170802201708029999123120180103F                                                                                                                                                                 C3303100              33 S         0,00N030U0003890
0000168258ES0026000000168258PY0FHIDROCANTABRICO DISTRIBUCIÓN ELÉCTRICA            0026                                                                                 C3303100_339003319880901003  0000000380      0,00      0,0004ND     16,50     16,50T      16,50     16,50     16,50      0,00      0,00      0,00      0,0020131104200709079999123120180103J                                                                                                                                                                 C3303100              33 N         0,00N031 0000860
0000168360ES0026000000168360NQ0FHIDROCANTABRICO DISTRIBUCIÓN ELÉCTRICA            0026                                                                                 C3303100_339003319880901003  0000000400     27,68      0,0004ND     17,32     17,32D      17,32     17,32     17,32      0,00      0,00      0,00      0,0020131104200905279999123120180103J                                                                                                                                                                 C3303100              33 N         0,00N031U0000860
0000168705ES0026000000168705GQ0FHIDROCANTABRICO DISTRIBUCIÓN ELÉCTRICA            0026                                                                                 C3303100_339003319920924003  0000000400     27,68      0,0004SD     17,32     17,32DD     17,32     17,32     17,32      0,00      0,00      0,00      0,0020150327201503259999123120180103F                                                                                                                                                                 C3304419              33 N       127,45N030U0000860
0000168877ES0026000000168877NG0FHIDROCANTABRICO DISTRIBUCIÓN ELÉCTRICA            0026                                                                                 C3303100_339003319880901003  0000000400      0,00      0,0004SD     23,00     23,00DD      5,00      5,00     23,00      0,00      0,00      0,00      0,0020170725201707259999123120180103J                                                                                                                                                                 C2807900              28 N         0,00N031U0000910
0000169151ES0026000000169151RW0FHIDROCANTABRICO DISTRIBUCIÓN ELÉCTRICA            0026                                                                                 C3303100_339003319931125003  0000000380      0,00      0,0004ND     42,00     42,00D      42,00     42,00     42,00      0,00      0,00      0,00      0,0020131104200712019999123120171220J                                                                                                                                                                 C0608300              06 N         0,00N031U0000860
0000169174ES0026000000169174WW0FHIDROCANTABRICO DISTRIBUCIÓN ELÉCTRICA            0026                                                                                 C3303100_339003320000410003  0000000400      2,20      0,0004SD     17,32     17,32DD     17,32     17,32     17,32      0,00      0,00      0,00      0,0020131104201105249999123120171220J                                                                                                                                                                 C3303100              33 N         0,00N030U0000860
0000169547ES0026000000169547HF0FHIDROCANTABRICO DISTRIBUCIÓN ELÉCTRICA            0026                                                                                 C3303100_339003319900103003  0000000400     30,00      0,0004ND     26,40     26,40T      26,40     26,40     26,40      0,00      0,00      0,00      0,0020170406201704069999123120180103F                                                                                                                                                                 C3304419              33 N         0,00N031 0009270
0000169559ES0026000000169559HL0FHIDROCANTABRICO DISTRIBUCIÓN ELÉCTRICA            0026                                                                                 C3303100_339003319880901003  0000000380     21,04      0,0004SD     16,50     16,50DD     16,50     16,50     16,50      0,00      0,00      0,00      0,0020131104200609279999123120171220F                                                                                                                                                                                       33 N         0,00N030U0000860
0000169698ES0026000000169698RC0FHIDROCANTABRICO DISTRIBUCIÓN ELÉCTRICA            0026                                                                                 C3303100_339003319961118003  0000000380      0,00      0,0004ND     41,50     41,50D      41,50     41,50     41,50      0,00      0,00      0,00      0,0020170401201602019999123120171231J                                                                                                                                                                 C3304419              33 N         0,00N031U0000910
0000169773ES0026000000169773MA0FHIDROCANTABRICO DISTRIBUCIÓN ELÉCTRICA            0026                                                                                 C3303100_339003319980402003  0000000400      0,00      0,0004ND     26,30     26,30D      16,00     26,30      7,00      0,00      0,00      0,00      0,0020160902201609029999123120180104J                                                                                                                                                                 C3303100              33 N         0,00N031U0009270
0000169921ES0026000000169921BJ0FHIDROCANTABRICO DISTRIBUCIÓN ELÉCTRICA            0026                                                                                 C3303100_339003319880901003  0000000220      0,00      0,0004ND     15,20     15,20T      15,20     15,20     15,20      0,00      0,00      0,00      0,00201311042008030720131209        J                                                                                                                                                                 C3303100              33 N         0,00N031 00    0
0000169978ES0026000000169978ZR0FHIDROCANTABRICO DISTRIBUCIÓN ELÉCTRICA            0026                                                                                 C3303100_339003319880901003  0000000400    276,80      0,0003ND    105,00    105,00D     105,00    105,00    105,00      0,00      0,00      0,00      0,0020170401201603029999123120171130J                                                                                                                                                                 C3303100              33 N         0,00N031U0009270
0000170049ES0026000000170049VA0FHIDROCANTABRICO DISTRIBUCIÓN ELÉCTRICA            0026                                                                                 C3303100_339003319910302003  0000000380      0,00      0,0004ND     42,90     42,90T      42,90     42,90     42,90      0,00      0,00      0,00      0,0020160302201603029999123120180104J                                                                                                                                                                 C3303100              33 N         0,00N031 0009270
0000170062ES0026000000170062VQ0FHIDROCANTABRICO DISTRIBUCIÓN ELÉCTRICA            0026                                                                                 C3303100_339003319880901003  0000000220      0,00      0,0004ND     15,84     15,84D      15,84     15,84     15,84      0,00      0,00      0,00      0,0020131104200910269999123120180104J                                                                                                                                                                 C3304419              33 N         0,00N031U0000860
0000170114ES0026000000170114LE0FHIDROCANTABRICO DISTRIBUCIÓN ELÉCTRICA            0026                                                                                 C3303100_339003319880901003  0000000380     41,50      0,0004ND     41,50     41,50D      41,50     41,50     41,50      0,00      0,00      0,00      0,0020170720201707209999123120180104J                                                                                                                                                                 C3304419              33 N       225,79N031U0010120
0000170116ES0026000000170116CR0FHIDROCANTABRICO DISTRIBUCIÓN ELÉCTRICA            0026                                                                                 C3303100_339003319990317003  0000000380      0,00      0,0004ND     17,82     17,82D      17,82     17,82     17,82      0,00      0,00      0,00      0,0020131104200906119999123120180104F                                                                                                                                                                                       33 N         0,00N031U0000860
0000170286ES0026000000170286GX0FHIDROCANTABRICO DISTRIBUCIÓN ELÉCTRICA            0026                                                                                 C3303100_339003319970809003  0000000400      0,00      0,0004SD     23,00     23,00DD     11,00     23,00      1,00      0,00      0,00      0,00      0,0020140905200803149999123120180104J                                                                                                                                                                 C3304419              33 N         0,00N031U0000860
0000170312ES0026000000170312MJ0FHIDROCANTABRICO DISTRIBUCIÓN ELÉCTRICA            0026                                                                                 C3303100_339003319880901003  0000000380      0,00      0,0004SD     29,60     29,60TD     29,60     29,60     29,60      0,00      0,00      0,00      0,0020170902201709029999123120180104J                                                                                                                                                                 C3303100              33 N         0,00N031 0004990
0000170433ES0026000000170433XL0FHIDROCANTABRICO DISTRIBUCIÓN ELÉCTRICA            0026                                                                                 C3303100_339003319930504003  0000000400     29,60      0,0004SD     17,32     17,32DD     17,32     17,32     17,32      0,00      0,00      0,00      0,0020150310201503109999123120180104F                                                                                                                                                                 C3303100              33 N         0,00N031U0000860
0000170556ES0026000000170556QG0FHIDROCANTABRICO DISTRIBUCIÓN ELÉCTRICA            0026                                                                                 C3303100_339003319990802003  0000000380     50,00      0,0004ND     18,00     18,00T      18,00     18,00     18,00      0,00      0,00      0,00      0,0020170204201702049999123120180104J                                                                                                                                                                 C3303100              33 N         0,00N031 0003890
0000170598ES0026000000170598HT0FHIDROCANTABRICO DISTRIBUCIÓN ELÉCTRICA            0026                                                                                 C3303100_339003319880901003  0000000400      0,00      0,0004ND     19,80     19,80T      19,80     19,80     19,80      0,00      0,00      0,00      0,0020131104200905222012122320091218J                                                                                                                                                                 C3303100              33 N         0,00N031 00    0
0000170610ES0026000000170610HN0FHIDROCANTABRICO DISTRIBUCIÓN ELÉCTRICA            0026                                                                                 C3303100_339003319970610003  0000000400      0,00      0,0004SD     15,40     15,40DD     11,00     11,00     15,40      0,00      0,00      0,00      0,0020170510201705109999123120180104J                                                                                                                                                                 C3303100              33 N         0,00N031U0003890
0000170759ES0026000000170759WT0FHIDROCANTABRICO DISTRIBUCIÓN ELÉCTRICA            0026                                                                                 C3303100_339003319900307003  0000000400     43,60      0,0004ND     17,32     17,32D      17,32     17,32     17,32      0,00      0,00      0,00      0,0020160705201607049999123120180104J                                                                                                                                                                 C3304419              33 N       127,46N030U0000860
0000171179ES0026000000171179CY0FHIDROCANTABRICO DISTRIBUCIÓN ELÉCTRICA            0026                                                                                 C3303100_339003319980519003  0000000220     22,14      0,0004ND     17,32     17,32D      17,32     17,32     17,32      0,00      0,00      0,00      0,0020131104201001089999123120171226J                                                                                                                                                                 C3303100              33 N         0,00N030U0000860
0000217927ES0026000000217927MH0FHIDROCANTABRICO DISTRIBUCIÓN ELÉCTRICA            0026                                                                                 C3303100_339003319980126003  0000000400    110,72      0,0004SD     50,00     50,00DD     45,00     50,00     25,00      0,00      0,00      0,00      0,0020131104200706189999123120180103J                                                                                                                                                                 C3303100              33 N         0,00N030U0000860
0000410035ES0026000000410035DF0FHIDROCANTABRICO DISTRIBUCIÓN ELÉCTRICA            0026                                                                                 C3303100_339003319990426003  0000000400      0,00      0,0004ND     26,30     26,30D      20,00     20,00     26,30      0,00      0,00      0,00      0,0020161105201611059999123120180104J                                                                                                                                                                 C3303100              33 N         0,00N031U0001010
0000410049ES0026000000410049DK0FHIDROCANTABRICO DISTRIBUCIÓN ELÉCTRICA            0026                                                                                 C3303100_339003319950302003  0000000400     22,14      0,0004SD     17,32     17,32DD     17,32     17,32     17,32      0,00      0,00      0,00      0,0020131104201201179999123120180104J                                                                                                                                                                 C3303100              33 N        77,41N031U0000860
0000410101ES0026000000410101NG0FHIDROCANTABRICO DISTRIBUCIÓN ELÉCTRICA            0026                                                                                 C3303100_339003319881003003  0000000400     27,68      0,0004SD     17,32     17,32DD     17,32     17,32     17,32      0,00      0,00      0,00      0,0020131104200709249999123120180104F                                                                                                                                                                                       33 N         0,00N030U0000860
0000410139ES0026000000410139JL0FHIDROCANTABRICO DISTRIBUCIÓN ELÉCTRICA            0026                                                                                 C3303100_339003319931129003  0000000380      0,00      0,0004SD     23,00     23,00DD     23,00     23,00     23,00      0,00      0,00      0,00      0,0020150106201501069999123120171220F                                                                                                                                                                 C3303100              33 N         0,00N031U0000910
0000410189ES0026000000410189QT0FHIDROCANTABRICO DISTRIBUCIÓN ELÉCTRICA            0026                                                                                 C3303100_339003319881003003  0000000400     28,00      0,0004ND     17,32     17,32D      17,32     17,32     17,32      0,00      0,00      0,00      0,0020131104201001309999123120171220J                                                                                                                                                                 C3303100              33 N         0,00N031U0000860
0000410635ES0026000000410635ND0FHIDROCANTABRICO DISTRIBUCIÓN ELÉCTRICA            0026                                                                                 C3303100_339003319910417003  0000000400      0,00      0,0004SD     33,00     17,32DD     17,32     17,32     17,32      0,00      0,00      0,00      0,0020170503201704282020013120171221J                                                                                                                                                                 C3303100              33 N       127,46N031U0000860
0000411310ES0026000000411310HV0FHIDROCANTABRICO DISTRIBUCIÓN ELÉCTRICA            0026                                                                                 C3303100_339003319940419003  0000000380      0,00      0,0004SD     41,50     41,50DD     41,50     41,50     41,50      0,00      0,00      0,00      0,0020131104201102039999123120171205J                                                                                                                                                                 C3303100              33 N         0,00N031U0000860
0000411386ES0026000000411386ER0FHIDROCANTABRICO DISTRIBUCIÓN ELÉCTRICA            0026                                                                                 C3303100_339003320000414003  0000000380      0,00      0,0004ND     19,80     19,80D      19,80     19,80     19,80      0,00      0,00      0,00      0,0020170628201706289999123120171220J                                                                                                                                                                 C3303100              33 N         0,00N031U0009270
0000412093ES0026000000412093YH0FHIDROCANTABRICO DISTRIBUCIÓN ELÉCTRICA            0026                                                                                 C3303100_339003319970423003  0000000400      0,00      0,0004SD     15,60     15,60TD     15,60     15,60     15,60      0,00      0,00      0,00      0,0020131104200709259999123120100813J                                                                                                                                                                 C3303100              33 N         0,00N031 00    0
0000412141ES0026000000412141PC0FHIDROCANTABRICO DISTRIBUCIÓN ELÉCTRICA            0026                                                                                 C3303100_339003319940825003  0000000380     19,80      0,0004SD     19,80     19,80DD     19,80     19,80     19,80      0,00      0,00      0,00      0,0020131104201001229999123120171220J                                                                                                                                                                 C3303100              33 N         0,00N031U0000860
0000412273ES0026000000412273ZZ0FHIDROCANTABRICO DISTRIBUCIÓN ELÉCTRICA            0026                                                                                 C3303100_339003319881003003  0000000400     22,17      0,0004ND     17,32     17,32D      17,32     17,32     17,32      0,00      0,00      0,00      0,0020161027201001229999123120171220J                                                                                                                                                                 C3303100              33 N         0,00N031U0000860
0000412411ES0026000000412411CZ0FHIDROCANTABRICO DISTRIBUCIÓN ELÉCTRICA            0026                                                                                 C3303100_339003320010720003  0000000400     27,68      0,0004ND     24,25     24,25D      13,86     13,86     24,25      0,00      0,00      0,00      0,0020170223201702239999123120171220F                                                                                                                                                                 C3303100              33 N         0,00N031U0003890
0000412447ES0026000000412447EG0FHIDROCANTABRICO DISTRIBUCIÓN ELÉCTRICA            0026                                                                                 C3303100_339003320010425003  0000000400     43,65      0,0004ND     17,32     17,32D       7,00     17,32      7,00      0,00      0,00      0,00      0,0020151030200906259999123120171220J                                                                                                                                                                 C3304419              33 N         0,00N020U0000860
0000412560ES0026000000412560GW0FHIDROCANTABRICO DISTRIBUCIÓN ELÉCTRICA            0026                                                                                 C3303100_339003319881003003  0000000380      0,00      0,0004ND     17,00     17,00T      17,00     17,00     17,00      0,00      0,00      0,00      0,0020170304201703049999123120180103J                                                                                                                                                                 C2807900              28 N         0,00N031 0009180
0000412562ES0026000000412562GG0FHIDROCANTABRICO DISTRIBUCIÓN ELÉCTRICA            0026                                                                                 C3303100_339003320000103003  0000000380      0,00      0,0004ND     16,50     16,50D      16,50     16,50     16,50      0,00      0,00      0,00      0,0020131104201210039999123120171226J                                                                                                                                                                 C3303100              33 N         0,00N031U0000910
0000412662ES0026000000412662PN0FHIDROCANTABRICO DISTRIBUCIÓN ELÉCTRICA            0026                                                                                 C3303100_339003320010329003  0000000400     27,68      0,0004ND     17,32     17,32D      17,32     17,32     17,32      0,00      0,00      0,00      0,0020131104201004279999123120180103J                                                                                                                                                                 C3303106              33 N         0,00N031U0000860
0000412723ES0026000000412723BG0FHIDROCANTABRICO DISTRIBUCIÓN ELÉCTRICA            0026                                                                                 C3303100_339003319881003003  0000000400     17,32      0,0004ND     17,32     17,32D      17,32     17,32     17,32      0,00      0,00      0,00      0,0020131104201001269999123120171220F                                                                                                                                                                 C3303100              33 S         0,00N030U0000860
0000412777ES0026000000412777JN0FHIDROCANTABRICO DISTRIBUCIÓN ELÉCTRICA            0026                                                                                 C3303100_339003319970731003  0000000400     43,65      0,0004ND     24,25     24,25T      24,25     24,25     24,25      0,00      0,00      0,00      0,0020131104201101262015030120120227F                                                                                                                                                                                       33 N       101,97N030 00    0
0000442885ES0026000000442885BJ0FHIDROCANTABRICO DISTRIBUCIÓN ELÉCTRICA            0026                                                                                 C3303100_339003319960822003  0000000400     45,00      0,0004ND     34,64     34,64D      17,32     17,32     34,64      0,00      0,00      0,00      0,0020161203201612039999123120180104J                                                                                                                                                                 C3303100              33 N       254,91N031U0009180
0000442889ES0026000000442889BV0FHIDROCANTABRICO DISTRIBUCIÓN ELÉCTRICA            0026                                                                                 C3303100_339003319910903003  0000000400     26,30      0,0004ND     16,40     16,40D       7,00     11,00     16,40      0,00      0,00      0,00      0,0020150708201507089999123120180104J                                                                                                                                                                 C3303100              33 N         0,00N030U0003890
0000442896ES0026000000442896NR0FHIDROCANTABRICO DISTRIBUCIÓN ELÉCTRICA            0026                                                                                 C3303100_339003319890101003  0000000400     50,00      0,0004ND     39,60     39,60T      27,73     39,60     25,71      0,00      0,00      0,00      0,0020171108201604069999123120171221J                                                                                                                                                                 C3303100              33 N         0,00N030 0008490
0000445121ES0026000000445121QH0FHIDROCANTABRICO DISTRIBUCIÓN ELÉCTRICA            0026                                                                                 C3303100_339003319890505003  0000000400     29,60      0,0004SD     17,32     17,32DD     17,32     17,32     17,32      0,00      0,00      0,00      0,0020170223201702239999123120171221F                                                                                                                                                                                       33 N       127,45N031U0000860
0000449729ES0026000000449729XA0FHIDROCANTABRICO DISTRIBUCIÓN ELÉCTRICA            0026                                                                                 C3303100_339003319990827003  0000000400     41,47      0,0004SD     31,17     31,17DD     31,17     31,17     31,17      0,00      0,00      0,00      0,0020150410201504109999123120180104J                                                                                                                                                                 C0301400              03 N         0,00N031U0004090
0000468190ES0026000000468190FH0FHIDROCANTABRICO DISTRIBUCIÓN ELÉCTRICA            0026                                                                                 C3303100_339003319910211003  0000000400     32,90      0,0004ND     26,30     15,01D      10,39     13,86     15,01      0,00      0,00      0,00      0,0020170804201708042019022320180104F                                                                                                                                                                 C3303100              33 N         0,00N031U0000910
0000471906ES0026000000471906PP0FHIDROCANTABRICO DISTRIBUCIÓN ELÉCTRICA            0026                                                                                 C3303100_339003319911105003  0000000400     10,39      0,0004ND     20,79     20,79D      15,10     15,10     20,79      0,00      0,00      0,00      0,0020171031201710319999123120180104F                                                                                                                                                                 C3303100              33 N         0,00N031U0003890
0000477803ES0026000000477803BV0FHIDROCANTABRICO DISTRIBUCIÓN ELÉCTRICA            0026                                                                                 C3303100_339003319911003003  0000000380     20,10      0,0004SD     17,20     17,20DD     17,20     17,20     17,20      0,00      0,00      0,00      0,0020131104200305249999123120171220F                                                                                                                                                                 C3303100              33 N         0,00N031U0000860
0000598190ES0026000000598190RE0FHIDROCANTABRICO DISTRIBUCIÓN ELÉCTRICA            0026                                                                                 C3303100_339003319870113003  0000000380      0,00      0,0003ND    145,00    145,00T     145,00    145,00    145,00      0,00      0,00      0,00      0,0020131104201003022019011220160107F                                                                                                                                                                                       33 N         0,00N031 00    0
0000598192ES0026000000598192WR0FHIDROCANTABRICO DISTRIBUCIÓN ELÉCTRICA            0026                                                                                 C3303100_339003319891128003  0000000400     90,00      0,0003ND    110,00    110,00D      76,00     83,00    110,00      0,00      0,00      0,00      0,0020170401200712059999123120171130J                                                                                                                                                                 C4718600              28 N         0,00N030U0000860
0000598193ES0026000000598193WW0FHIDROCANTABRICO DISTRIBUCIÓN ELÉCTRICA            0026                                                                                 C3303100_339003319940125003  0000000380      0,00      0,0004ND     41,50     41,50T      41,50     41,50     41,50      0,00      0,00      0,00      0,00201311042010012720130907        J                                                                                                                                                                 C3303100              33 N         0,00N031 00    0
0000598194ES0026000000598194WA0FHIDROCANTABRICO DISTRIBUCIÓN ELÉCTRICA            0026                                                                                 C3303100_339003319880125003  0000000400      0,00      0,0004ND     18,00     18,00D      11,00     11,00     18,00      0,00      0,00      0,00      0,0020160302201603029999123120180103J                                                                                                                                                                 C3303100              33 N         0,00N031U0009270
0000598195ES0026000000598195WG0FHIDROCANTABRICO DISTRIBUCIÓN ELÉCTRICA            0026                                                                                 C3303100_339003319931027003  0000000380      0,00      0,0004ND     29,60     29,60T      29,60     29,60     29,60      0,00      0,00      0,00      0,0020131104200706262016042520130420F                                                                                                                                                                                       33 N         0,00N031 00    0
0000598201ES0026000000598201WX0FHIDROCANTABRICO DISTRIBUCIÓN ELÉCTRICA            0026                                                                                 C3303100_339003319940210003  0000000400     29,70      0,0004SD     20,00     15,10DD     15,10     15,10     15,10      0,00      0,00      0,00      0,0020131104201306292018011520180104J                                                                                                                                                                 C2807900              28 N         0,00N031U0000910
0000598205ES0026000000598205WZ0FHIDROCANTABRICO DISTRIBUCIÓN ELÉCTRICA            0026                                                                                 C3303106_339003320011109003  0000000400      0,00      0,0004ND     34,64     15,00T      15,00     15,00     15,00      0,00      0,00      0,00      0,0020131104201407012019111520171222J                                                                                                                                                                 C3303100              33 N         0,00N031 0009270
0000598206ES0026000000598206WS0FHIDROCANTABRICO DISTRIBUCIÓN ELÉCTRICA            0026                                                                                 C3303100_339003319911121003  0000000400      0,00      0,0004ND     21,12     21,12T      21,12     21,12     21,12      0,00      0,00      0,00      0,0020131104200709262016080720130726J                                                                                                                                                                 C3303713              33 N         0,00N030 00    0
0000598207ES0026000000598207WQ0FHIDROCANTABRICO DISTRIBUCIÓN ELÉCTRICA            0026                                                                                 C3303100_339003319900101003  0000000220      0,00      0,0004ND     40,00     40,00D      40,00     40,00     40,00      0,00      0,00      0,00      0,0020131104200708049999123120171220J                                                                                                                                                                 C3304419              33 N         0,00N031U0000860
0000755078ES0026000000755078SG0FHIDROCANTABRICO DISTRIBUCIÓN ELÉCTRICA            0026                                                                                 C3303100_339003319990524003  0000000400     26,40      0,0004SD     23,00     23,00DD     16,19     19,53     23,00      0,00      0,00      0,00      0,0020161005201310319999123120180103F                                                                                                                                                                                       33 N         0,00N031U0009910
0000760092ES0026000000760092AG0FHIDROCANTABRICO DISTRIBUCIÓN ELÉCTRICA            0026                                                                                 C3303100_339003319920728003  0000000400      8,00      0,0004ND     17,32     17,32D       7,06      7,62     17,32      0,00      0,00      0,00      0,0020171206201712069999123120171220F                                                                                                                                                                 C3303100              33 N       127,45N031U0009270
0000764467ES0026000000764467DD0FHIDROCANTABRICO DISTRIBUCIÓN ELÉCTRICA            0026                                                                                 C3303100_339003319921016003  0000000400     30,00      0,0004SD     27,71     27,71DD     15,01     15,01     27,71      0,00      0,00      0,00      0,0020131104201007229999123120180104F                                                                                                                                                                                       33 N         0,00N031U0000860
0000764491ES0026000000764491XX0FHIDROCANTABRICO DISTRIBUCIÓN ELÉCTRICA            0026                                                                                 C3303100_339003319951205003  0000000380     16,50      0,0004SD     16,50     16,50DD     16,50     16,50     16,50      0,00      0,00      0,00      0,0020160304201603049999123120180104J                                                                                                                                                                 C3303100              33 N         0,00N031U0009270
0000767861ES0026000000767861HE0FHIDROCANTABRICO DISTRIBUCIÓN ELÉCTRICA            0026                                                                                 C3303100_339003320000602003  0000000400     45,00      0,0004ND     23,00     23,00D       9,87      9,87     23,00      0,00      0,00      0,00      0,0020170526201705269999123120171220F                                                                                                                                                                 C3303100              33 N         0,00N031U0003890
0000768408ES0026000000768408LV0FHIDROCANTABRICO DISTRIBUCIÓN ELÉCTRICA            0026                                                                                 C3303100_339003319930201003  0000000400     50,00      0,0004ND     26,30     17,32D      17,32     17,32     17,32      0,00      0,00      0,00      0,0020150811201508072018081020171201J                                                                                                                                                                 C3304419              33 N         0,00N031U0000860
0000769003ES0026000000769003EZ0FHIDROCANTABRICO DISTRIBUCIÓN ELÉCTRICA            0026                                                                                 C3303100_339003319930217003  0000000400      8,80      0,0004ND     27,71     15,01D      15,01     15,01      1,00      0,00      0,00      0,00      0,0020170105200511302019123020171220J                                                                                                                                                                                       28 N         0,00N020U0000910
0000771625ES0026000000771625KZ0FHIDROCANTABRICO DISTRIBUCIÓN ELÉCTRICA            0026                                                                                 C3303100_339003319930722003  0000000380     41,50      0,0003SD     90,00     90,00DD     90,00     90,00     90,00      0,00      0,00      0,00      0,0020170401201306049999123120171231J                                                                                                                                                                 C3303506              33 N         0,00N030U0000910
0000773280ES0026000000773280RJ0FHIDROCANTABRICO DISTRIBUCIÓN ELÉCTRICA            0026                                                                                 C3303100_339003319980427003  0000000380     16,50      0,0004SD     16,50     16,50DD     16,50     16,50     16,50      0,00      0,00      0,00      0,0020131104200304039999123120171220F                                                                                                                                                                 C3303100              33 N         0,00N031U0000860
0000785599ES0026000000785599PG0FHIDROCANTABRICO DISTRIBUCIÓN ELÉCTRICA            0026                                                                                 C3303100_339003319940224003  0000000400     72,91      0,0004ND     34,64     34,64D      34,64     34,64     34,64      0,00      0,00      0,00      0,0020151014201101299999123120180103F                                                                                                                                                                                       33 N       254,92N031U0000860
0000794305ES0026000000794305HQ0FHIDROCANTABRICO DISTRIBUCIÓN ELÉCTRICA            0026                                                                                 C3303100_339003319980929003  0000000380     33,00      0,0004ND     32,90     32,90D      32,90     32,90     32,90      0,00      0,00      0,00      0,0020131104200905199999123120180104J                                                                                                                                                                 C0608300              06 N         0,00N030U0004990
0000806436ES0026000000806436VA0FHIDROCANTABRICO DISTRIBUCIÓN ELÉCTRICA            0026                                                                                 C3303100_339003320001201003  0000000400     41,50      0,0004ND     17,32     17,32T      17,32     17,32     17,32      0,00      0,00      0,00      0,0020131104200906252020022220170218J                                                                                                                                                                 C3304419              33 N         0,00N031 00    0
0000811279ES0026000000811279CQ0FHIDROCANTABRICO DISTRIBUCIÓN ELÉCTRICA            0026                                                                                 C3303100_339003319951013003  0000000380    120,00      0,0003ND     60,00     60,00T      60,00     60,00     60,00      0,00      0,00      0,00      0,0020170401201306019999123120171130J                                                                                                                                                                 C3304419              33 N         0,00N031 0003890
0000813005ES0026000000813005AV0FHIDROCANTABRICO DISTRIBUCIÓN ELÉCTRICA            0026                                                                                 C3303100_339003319960313003  0000000400     29,60      0,0004ND     29,60     29,60D      15,10     15,30     29,60      0,00      0,00      0,00      0,0020170902201709029999123120180103J                                                                                                                                                                 C3303100              33 N         0,00N031U0003890
0000836385ES0026000000836385PY0FHIDROCANTABRICO DISTRIBUCIÓN ELÉCTRICA            0026                                                                                 C3303100_339003319990519003  0000000380     26,30      0,0004ND     16,50     16,50T      16,50     16,50     16,50      0,00      0,00      0,00      0,0020131104200711022017030420140227J                                                                                                                                                                 C3303100              33 N         0,00N031 00    0
0000840470ES0026000000840470RC0FHIDROCANTABRICO DISTRIBUCIÓN ELÉCTRICA            0026                                                                                 C3303106_339003319970821003  0000000400      5,50      0,0004ND     17,32     17,32T      17,32     17,32     17,32      0,00      0,00      0,00      0,0020131104201002042016022220121218F                                                                                                                                                                 C3306003              33 S         0,00S030 00    0
0000846514ES0026000000846514BS0FHIDROCANTABRICO DISTRIBUCIÓN ELÉCTRICA            0026                                                                                 C3303100_339003319971218003  0000000380     16,50      0,0004SD     16,50     16,50DD     16,50     16,50     16,50      0,00      0,00      0,00      0,0020160301201603019999123120180103J                                                                                                                                                                 C3303100              33 N         0,00N031U0009270
0000847609ES0026000000847609JY0FHIDROCANTABRICO DISTRIBUCIÓN ELÉCTRICA            0026                                                                                 C3303100_339003319980122003  0000000400     20,79      0,0004SD     17,32     17,32DD     17,32     17,32     17,32      0,00      0,00      0,00      0,0020131104200912319999123120180103J                                                                                                                                                                 C3303100              33 N         0,00N031U0000860
0000851406ES0026000000851406VP0FHIDROCANTABRICO DISTRIBUCIÓN ELÉCTRICA            0026                                                                                 C3303100_339003319990413003  0000000400     19,80      0,0004ND     16,50     16,50D      13,30     16,50      5,75      0,00      0,00      0,00      0,0020171017201612039999123120171220F                                                                                                                                                                 C3303100              33 N         0,00N031U0008490
0000865740ES0026000000865740LJ0FHIDROCANTABRICO DISTRIBUCIÓN ELÉCTRICA            0026                                                                                 C3303100_339003319990303003  0000000380    206,40      0,0003ND    120,00    120,00D     120,00    120,00    120,00      0,00      0,00      0,00      0,0020170701200905059999123120171130J                                                                                                                                                                 C3306004              33 N         0,00N031U0000860
0000871592ES0026000000871592KT0FHIDROCANTABRICO DISTRIBUCIÓN ELÉCTRICA            0026                                                                                 C3303100_339003319990707003  0000000400     26,00      0,0004ND     20,79     20,79D       7,00      7,00     20,79      0,00      0,00      0,00      0,0020150304201503049999123120180103F                                                                                                                                                                 C3303100              33 N         0,00N031U0001010
0000880348ES0026000000880348XQ0FHIDROCANTABRICO DISTRIBUCIÓN ELÉCTRICA            0026                                                                                 C3303100_339003320000104003  0000000400     41,50      0,0004ND     41,50     41,50D      11,00     11,00     41,50      0,00      0,00      0,00      0,0020160224201602249999123120171220J                                                                                                                                                                 C3303100              33 N         0,00N031U0009270
0000882635ES0026000000882635HA0FHIDROCANTABRICO DISTRIBUCIÓN ELÉCTRICA            0026                                                                                 C3303100_339003320000222003  0000000400     48,00      0,0004ND     43,65     43,64D      31,17     34,64     43,64      0,00      0,00      0,00      0,0020171115201711142019100520171213F                                                                                                                                                                                       33 N       255,38N031U0010270
0000886296ES0026000000886296QF0FHIDROCANTABRICO DISTRIBUCIÓN ELÉCTRICA            0026                                                                                 C3303100_339003320000524003  0000000380     16,50      0,0004ND     16,50     16,50D      16,50     16,50     16,50      0,00      0,00      0,00      0,0020131104200710039999123120180104F                                                                                                                                                                 C3303100              33 N         0,00N031U0000860
0000900750ES0026000000900750TV0FHIDROCANTABRICO DISTRIBUCIÓN ELÉCTRICA            0026                                                                                 C3303100_339003320010328003  0000000400     23,10      0,0004ND     19,80     19,80D       8,00      8,00     19,80      0,00      0,00      0,00      0,0020160304201603049999123120171221J                                                                                                                                                                 C3303100              33 N         0,00N031U0009270
0000912077ES0026000000912077XM0FHIDROCANTABRICO DISTRIBUCIÓN ELÉCTRICA            0026                                                                                 C3303100_339003320011018003  0000000380     82,17      0,0003ND     60,00     60,00T      60,00     60,00     60,00      0,00      0,00      0,00      0,0020170401200501259999123120171130J                                                                                                                                                                 C3303100              33 N         0,00N030 0000860
0010062027ES0026000010062027AA0FHIDROCANTABRICO DISTRIBUCIÓN ELÉCTRICA            0026                                                                                 C3303100_339003320020425003  0000000400     41,50      0,0004ND     24,25     24,25D      14,00     14,00     24,25      0,00      0,00      0,00      0,0020170509201705099999123120171220F                                                                                                                                                                 C3303100              33 S       173,88N031U0003890
0010066065ES0026000010066065VQ0FHIDROCANTABRICO DISTRIBUCIÓN ELÉCTRICA            0026                                                                                 C3303100_339003320060411003  0000000400     43,65      0,0004ND     16,00     16,00D      16,00     16,00     16,00      0,00      0,00      0,00      0,0020131104201306019999123120180104J                                                                                                                                                                 C2807900              28 N         0,00N030U0000990
0010078067ES0026000010078067XN0FHIDROCANTABRICO DISTRIBUCIÓN ELÉCTRICA            0026                                                                                 C3303100_339003320020806003  0000000400     82,50      0,0004ND     17,32     17,32D      17,32     17,32     17,32      0,00      0,00      0,00      0,0020171028201710289999123120180103J                                                                                                                                                                 C3303100              33 N         0,00N030U0000910
0010118868ES0026000010118868JB0FHIDROCANTABRICO DISTRIBUCIÓN ELÉCTRICA            0026                                                                                 C3303100_339003320030801003  0000000400     41,50      0,0004ND     24,25     24,25T      24,25     24,25     24,25      0,00      0,00      0,00      0,0020131104200910022015051620120511J                                                                                                                                                                 C3303100              33 N       367,64N031 00    0
0010118972ES0026000010118972HT0FHIDROCANTABRICO DISTRIBUCIÓN ELÉCTRICA            0026                                                                                 C3303100_339003320030807003  0000000400     41,50      0,0004ND     34,64     34,64D      34,64     34,64     34,64      0,00      0,00      0,00      0,0020160304201603049999123120180104J                                                                                                                                                                 C3303100              33 N       525,88N031U0009270
0010146686ES0026000010146686AE0FHIDROCANTABRICO DISTRIBUCIÓN ELÉCTRICA            0026                                                                                 C3303100_339003320050209003  0000000380     43,60      0,0004ND     19,80     19,80D      19,80     19,80     19,80      0,00      0,00      0,00      0,0020171015201710159999123120180103F                                                                                                                                                                                       33 N       111,21N031U0009270
0010149150ES0026000010149150LW0FHIDROCANTABRICO DISTRIBUCIÓN ELÉCTRICA            0026                                                                                 C3303100_339003320040528003  0000000400     20,10      0,0004ND     17,32     17,32D      17,32     17,32     17,32      0,00      0,00      0,00      0,0020131104200905219999123120180104J                                                                                                                                                                 C3303100              33 N        72,81N030U0000860
0010179045ES0026000010179045FC0FHIDROCANTABRICO DISTRIBUCIÓN ELÉCTRICA            0026                                                                                 C3303100_339003320080228003  0000000400    276,80      0,0003ND    200,00     65,00D      45,00     45,00     65,00      0,00      0,00      0,00      0,0020170401201702012020050320171130J                                                                                                                                                                 C3306622              33 N      1353,47N030U00    0
0010182623ES0026000010182623WX0FHIDROCANTABRICO DISTRIBUCIÓN ELÉCTRICA            0026                                                                                 C3303100_339003320060612003  0000000400  55360,00      0,0004ND     34,64     32,00D      18,00     32,00     21,00      0,00      0,00      0,00      0,0020131104201407012019101920180104J                                                                                                                                                                 C3303100              33 N       203,27N030U0009270
0010193709ES0026000010193709RX0FHIDROCANTABRICO DISTRIBUCIÓN ELÉCTRICA            0026                                                                                 C3303100_339003320080414003  0000000400     43,65      0,0004ND     34,64     34,64D      12,00     12,00     34,64      0,00      0,00      0,00      0,0020170806201608069999123120180104J                                                                                                                                                                 C3304419              33 N       234,42N030U0007730
0010194020ES0026000010194020ZE0FHIDROCANTABRICO DISTRIBUCIÓN ELÉCTRICA            0026                                                                                 C3303100_339003320080122003  0000000400     22,14      0,0004SD     17,32     17,32DD      5,20      5,20     17,32      0,00      0,00      0,00      0,0020170603201706039999123120180103J                                                                                                                                                                 C3303100              33 N       117,21N031U0003890
0010195705ES0026000010195705LM0FHIDROCANTABRICO DISTRIBUCIÓN ELÉCTRICA            0026                                                                                 C3303100_339003320070723003  0000000400     43,65      0,0004ND     43,65     43,65D      43,65     43,65     43,65      0,00      0,00      0,00      0,0020160302201603029999123120180104J                                                                                                                                                                 C3303100              33 N         0,00N030M0009270
0010203819ES0026000010203819GT0FHIDROCANTABRICO DISTRIBUCIÓN ELÉCTRICA            0026                                                                                 C3303100_339003320070903003  0000000400     17,32      0,0004SD     17,32     17,32TD     17,32     17,32     17,32      0,00      0,00      0,00      0,00201311042010020220130226        J                                                                                                                                                                 C3302409              33 N         0,00N030 00    0
0010203961ES0026000010203961XG0FHIDROCANTABRICO DISTRIBUCIÓN ELÉCTRICA            0026                                                                                 C3303100_339003320070618003  0000000400     27,71      0,0004SD     27,70     27,70DD     15,10     15,10     27,70      0,00      0,00      0,00      0,0020140204201402049999123120180104F                                                                                                                                                                 C3303100              33 N       170,47N030U0000860
0010211247ES0026000010211247GE0FHIDROCANTABRICO DISTRIBUCIÓN ELÉCTRICA            0026                                                                                 C3303100_339003320071120003  0000000400     22,14      0,0004ND     20,79     20,79T      20,79     20,79     20,79      0,00      0,00      0,00      0,0020131104200909019999123120091221J                                                                                                                                                                 C3304419              33 N         0,00N030 00    0
0010211965ES0026000010211965JG0FHIDROCANTABRICO DISTRIBUCIÓN ELÉCTRICA            0026                                                                                 C3303100_339003320081229003  0000000400     27,68      0,0004ND     17,32     17,32D      17,32     17,32     17,32      0,00      0,00      0,00      0,0020170310201703109999123120180104F                                                                                                                                                                                       33 N       122,72N030U0000860
0010212062ES0026000010212062VD0FHIDROCANTABRICO DISTRIBUCIÓN ELÉCTRICA            0026                                                                                 C3303100_339003320080118003  0000000400     43,60      0,0004ND     31,18     31,18T      31,18     31,18     31,18      0,00      0,00      0,00      0,00201311042009082520130709        J                                                                                                                                                                 C3303705              33 N         0,00N030 00    0
0010212205ES0026000010212205TZ0FHIDROCANTABRICO DISTRIBUCIÓN ELÉCTRICA            0026                                                                                 C3303100_339003320090318003  0000000400     27,71      0,0004ND     17,32     17,32D      17,32     17,32     17,32      0,00      0,00      0,00      0,0020160301201603019999123120180103J                                                                                                                                                                 C3303100              33 N         0,00N030U0009270
0010213275ES0026000010213275RA0FHIDROCANTABRICO DISTRIBUCIÓN ELÉCTRICA            0026                                                                                 C3303100_339003320080131003  0000000400     27,68      0,0004ND     17,32     17,00D      15,00     15,00     17,00      0,00      0,00      0,00      0,0020160509201605052018113020180104F                                                                                                                                                                 C3303100              33 N       113,23N030U0007250
0010213330ES0026000010213330AN0FHIDROCANTABRICO DISTRIBUCIÓN ELÉCTRICA            0026                                                                                 C3303100_339003320080110003  0000000400     17,32      0,0004ND     17,32     17,32D       6,00      6,00     17,32      0,00      0,00      0,00      0,0020160301201603019999123120180104J                                                                                                                                                                 C3303100              33 N         0,00N030U0009270
0010223248ES0026000010223248CV0FHIDROCANTABRICO DISTRIBUCIÓN ELÉCTRICA            0026                                                                                 C3303100_339003320080423003  0000000400     43,65      0,0004ND     43,65     43,65T      43,65     43,65     43,65      0,00      0,00      0,00      0,00201311042009070120121215        J                                                                                                                                                                 C2807900              28 N         0,00N030 00    0
0010223638ES0026000010223638ZQ0FHIDROCANTABRICO DISTRIBUCIÓN ELÉCTRICA            0026                                                                                 C3303100_339003320090826003  0000000400     22,14      0,0004ND     17,32     15,01D       2,08      2,08     15,01      0,00      0,00      0,00      0,0020170706201608062020071220180104J                                                                                                                                                                 C3303100              33 N        57,07N030U0009620
0010223653ES0026000010223653SP0FHIDROCANTABRICO DISTRIBUCIÓN ELÉCTRICA            0026                                                                                 C3303100_339003320090826003  0000000400     22,14      0,0004ND     17,32     17,32D       2,08      2,08     17,32      0,00      0,00      0,00      0,0020160806201608069999123120180104J                                                                                                                                                                 C3303100              33 N        57,07N030U0009180
0010225839ES0026000010225839HD0FHIDROCANTABRICO DISTRIBUCIÓN ELÉCTRICA            0026                                                                                 C3303100_339003320081107003  0000000400     34,64      0,0004ND     34,64     15,01D       2,42      2,42     15,01      0,00      0,00      0,00      0,0020170315201604012019062220180104J                                                                                                                                                                 C3303100              33 N       245,44N030U0009620
0010225840ES0026000010225840HX0FHIDROCANTABRICO DISTRIBUCIÓN ELÉCTRICA            0026                                                                                 C3303100_339003320090729003  0000000400     69,20      0,0003ND     55,00     55,00D      55,00     55,00     55,00      0,00      0,00      0,00      0,0020170401201603019999123120171231J                                                                                                                                                                 C3303100              33 N         0,00N030U0009270
0010225841ES0026000010225841HB0FHIDROCANTABRICO DISTRIBUCIÓN ELÉCTRICA            0026                                                                                 C3303100_339003320081107003  0000000400     17,32      0,0004ND     17,32     15,01D       6,92      6,92     15,01      0,00      0,00      0,00      0,0020170315201604292020032220180104F                                                                                                                                                                 C3303100              33 N       122,72N030U0009620
0010227099ES0026000010227099GG0FHIDROCANTABRICO DISTRIBUCIÓN ELÉCTRICA            0026                                                                                 C3303100_339003320081030003  0000000400     27,71      0,0004ND     17,32     17,32D       6,93      6,93     17,32      0,00      0,00      0,00      0,0020140812201408129999123120180103J                                                                                                                                                                 C3303100              33 N       122,72N030U0000860
0010228186ES0026000010228186MX0FHIDROCANTABRICO DISTRIBUCIÓN ELÉCTRICA            0026                                                                                 C3303100_339003320100322003  0000000400     22,14      0,0004ND     17,32     17,32D      10,39     10,39     17,32      0,00      0,00      0,00      0,0020170407201704079999123120180104F                                                                                                                                                                                       33 N        67,33N030U0003890
0010228652ES0026000010228652WQ0FHIDROCANTABRICO DISTRIBUCIÓN ELÉCTRICA            0026                                                                                 C3303100_339003320080915003  0000000400     43,65      0,0004ND     20,79     20,79T      20,79     20,79     20,79      0,00      0,00      0,00      0,0020131104201009142013111320101213J                                                                                                                                                                 C3302409              33 N         0,00N030 00    0
0010228758ES0026000010228758FF0FHIDROCANTABRICO DISTRIBUCIÓN ELÉCTRICA            0026                                                                                 C3303100_339003320090205003  0000000400     22,14      0,0004ND     17,32     15,01D       2,08      2,08     15,01      0,00      0,00      0,00      0,0020170315201604022020032120171220J                                                                                                                                                                 C3303100              33 N        34,20N030U0009620
0010232617ES0026000010232617ZW0FHIDROCANTABRICO DISTRIBUCIÓN ELÉCTRICA            0026                                                                                 C3303100_339003320081113003  0000000400     43,65      0,0004ND     43,65     43,65T      43,65     43,65     43,65      0,00      0,00      0,00      0,00201311042009070120120924        J                                                                                                                                                                 C4619000              46 N         0,00N031 00    0
0010233607ES0026000010233607BA0FHIDROCANTABRICO DISTRIBUCIÓN ELÉCTRICA            0026                                                                                 C3303100_339003320120614003  0000000400     86,50      0,0004ND     17,32     17,32D      17,32     17,32     17,32      0,00      0,00      0,00      0,0020160225201602259999123120171226J                                                                                                                                                                 C3303100              33 N         0,00N030U0009270
0010236490ES0026000010236490KB0FHIDROCANTABRICO DISTRIBUCIÓN ELÉCTRICA            0026                                                                                 C3303100_339003320081117003  0000000400     27,68      0,0004ND     17,32     17,32D      17,32     17,32     17,32      0,00      0,00      0,00      0,0020131104200905129999123120171226J                                                                                                                                                                 C3304419              33 N       122,72N030U0000860
0010237650ES0026000010237650WK0FHIDROCANTABRICO DISTRIBUCIÓN ELÉCTRICA            0026                                                                                 C3303100_339003320081205003  0000000400     27,68      0,0004ND     17,32     17,32D      17,32     17,32     17,32      0,00      0,00      0,00      0,0020171108201711089999123120171220J                                                                                                                                                                 C3303100              33 N       122,72N030U0000910
0010237652ES0026000010237652AT0FHIDROCANTABRICO DISTRIBUCIÓN ELÉCTRICA            0026                                                                                 C3303100_339003320081205003  0000000400     43,65      0,0004ND     27,71     27,71T      27,71     27,71     27,71      0,00      0,00      0,00      0,0020141104201411042017112420141118J                                                                                                                                                                 C3303100              33 N       309,29N030 00    0
0010240005ES0026000010240005JF0FHIDROCANTABRICO DISTRIBUCIÓN ELÉCTRICA            0026                                                                                 C3303100_339003320100429003  0000000400     22,17      0,0004ND     17,32     15,00D      12,00     15,00     11,00      0,00      0,00      0,00      0,0020131104201407012019102020171226J                                                                                                                                                                 C3303100              33 N        67,33N030U0009270
0010240770ES0026000010240770TJ0FHIDROCANTABRICO DISTRIBUCIÓN ELÉCTRICA            0026                                                                                 C3303100_339003320090424003  0000000400     22,14      0,0004ND     20,79     15,01D       2,08      2,08     15,01      0,00      0,00      0,00      0,0020170307201604072019050720180104J                                                                                                                                                                 C3303100              33 N       185,51N030U0009620
0010240771ES0026000010240771TZ0FHIDROCANTABRICO DISTRIBUCIÓN ELÉCTRICA            0026                                                                                 C3303100_339003320090625003  0000000400     55,36      0,0004ND     27,71     27,71T      27,71     27,71     27,71      0,00      0,00      0,00      0,0020131104200907302017061820140617J                                                                                                                                                                 C3303100              33 N       247,25S030 00    0
0010241597ES0026000010241597JN0FHIDROCANTABRICO DISTRIBUCIÓN ELÉCTRICA            0026                                                                                 C3303100_339003320090317003  0000000400     43,65      0,0004ND     43,65     43,65T      43,65     43,65     43,65      0,00      0,00      0,00      0,00201311042010020220130615        J                                                                                                                                                                 C3303100              33 N         0,00N030 00    0
0010245716ES0026000010245716PZ0FHIDROCANTABRICO DISTRIBUCIÓN ELÉCTRICA            0026                                                                                 C3303100_339003320090428003  0000000400     43,65      0,0004ND     43,65     43,65T      43,65     43,65     43,65      0,00      0,00      0,00      0,0020131104200910022014041520110519J                                                                                                                                                                 C3303100              33 N         0,00N031 00    0
0010246128ES0026000010246128AN0FHIDROCANTABRICO DISTRIBUCIÓN ELÉCTRICA            0026                                                                                 C3303100_339003320090513003  0000000400     22,14      0,0004ND     17,32     15,00D       6,00      8,00     15,00      0,00      0,00      0,00      0,0020170526201705262019092220171220F                                                                                                                                                                 C3303100              33 N       127,46N031U0004990
0010251277ES0026000010251277CD0FHIDROCANTABRICO DISTRIBUCIÓN ELÉCTRICA            0026                                                                                 C3303100_339003320091214003  0000000400     69,28      0,0004ND     24,25     24,25T      24,25     24,25     24,25      0,00      0,00      0,00      0,0020131104201006302017071420140709J                                                                                                                                                                 C3304419              33 N        79,91N030 00    0
0010251278ES0026000010251278CX0FHIDROCANTABRICO DISTRIBUCIÓN ELÉCTRICA            0026                                                                                 C3303100_339003320091214003  0000000400     43,65      0,0004ND     17,32     17,32T      17,32     17,32     17,32      0,00      0,00      0,00      0,0020131104201006302017071420140709J                                                                                                                                                                 C3304419              33 N        57,07N030 00    0
0010252308ES0026000010252308LM0FHIDROCANTABRICO DISTRIBUCIÓN ELÉCTRICA            0026                                                                                 C3303100_339003320100706003  0000000400     27,71      0,0004ND     17,32     15,01D       3,46      3,46     15,01      0,00      0,00      0,00      0,0020171020201611302020102620171220J                                                                                                                                                                 C3303100              33 N        67,33N030U0009620
0010252320ES0026000010252320LV0FHIDROCANTABRICO DISTRIBUCIÓN ELÉCTRICA            0026                                                                                 C3303100_339003320100706003  0000000400     27,71      0,0004ND     17,32     15,01D       3,46      3,46     15,01      0,00      0,00      0,00      0,0020171020201610272020102620171220J                                                                                                                                                                 C3303100              33 N        67,33N030U0009620
0010252349ES0026000010252349KT0FHIDROCANTABRICO DISTRIBUCIÓN ELÉCTRICA            0026                                                                                 C3303100_339003320100706003  0000000400     27,71      0,0004ND     17,32     17,32D       3,00      3,00     17,32      0,00      0,00      0,00      0,0020161027201610279999123120171220J                                                                                                                                                                 C3303100              33 N        67,33N030U0001010
0010261792ES0026000010261792VJ0FHIDROCANTABRICO DISTRIBUCIÓN ELÉCTRICA            0026                                                                                 C3303100_339003320091221003  0000000400     22,14      0,0004ND     20,79     17,32D       2,08      2,08     17,32      0,00      0,00      0,00      0,0020170408201603022019040620180104J                                                                                                                                                                 C3303100              33 N        68,51N030U0009620
0010448620ES0026000010448620KN0FHIDROCANTABRICO DISTRIBUCIÓN ELÉCTRICA            0026                                                                                 C3303100_339003320100412003  0000000400     27,71      0,0004ND     17,32     17,32D      17,32     17,32     17,32      0,00      0,00      0,00      0,0020131104201004139999123120180103J                                                                                                                                                                 C3303100              33 N        67,33N030U0000860
0010474435ES0026000010474435QK0FHIDROCANTABRICO DISTRIBUCIÓN ELÉCTRICA            0026                                                                                 C3303100_339003320110607003  0000000230     27,71      0,0004ND     17,32     17,32D      14,49     14,49     17,32      0,00      0,00      0,00      0,0020170131201604019999123120180104F                                                                                                                                                                                       33 S        72,83N031U0011280
0010474436ES0026000010474436QE0FHIDROCANTABRICO DISTRIBUCIÓN ELÉCTRICA            0026                                                                                 C3303100_339003320100524003  0000000400     17,32      0,0004ND     17,32     17,32T      17,32     17,32     17,32      0,00      0,00      0,00      0,0020131104201005252014060820110523J                                                                                                                                                                 C3302417              33 N         0,00N030 00    0
0010474975ES0026000010474975VD0FHIDROCANTABRICO DISTRIBUCIÓN ELÉCTRICA            0026                                                                                 C3303100_339003320100706003  0000000400     17,32      0,0004ND     17,32     15,01D       3,46      3,46     15,01      0,00      0,00      0,00      0,0020171020201610272020102620171220J                                                                                                                                                                 C3303100              33 N        67,33N031U0009620
0010741128ES0026000010741128CY0FHIDROCANTABRICO DISTRIBUCIÓN ELÉCTRICA            0026                                                                                 C3303100_339003320101220003  0000000400     17,32      0,0004ND     17,32     17,32T      17,32     17,32     17,32      0,00      0,00      0,00      0,0020131104201012212014030720110223J                                                                                                                                                                 C3303100              33 N         0,00N031 00    0
0010742211ES0026000010742211KP0FHIDROCANTABRICO DISTRIBUCIÓN ELÉCTRICA            0026                                                                                 C3303100_339003320101223003  0000000400     17,32      0,0004ND     17,32     15,01D       3,46      3,46     15,01      0,00      0,00      0,00      0,0020171020201611052020102620180103J                                                                                                                                                                 C3303100              33 N         0,00N030U0009620
0010742233ES0026000010742233EF0FHIDROCANTABRICO DISTRIBUCIÓN ELÉCTRICA            0026                                                                                 C3303100_339003320110209003  0000000400     55,36      0,0004ND     27,71     27,71D      27,71     27,71     27,71      0,00      0,00      0,00      0,0020160304201603049999123120171204J                                                                                                                                                                 C3303100              33 N         0,00N030U0009270
0010743988ES0026000010743988YZ0FHIDROCANTABRICO DISTRIBUCIÓN ELÉCTRICA            0026                                                                                 C3303100_339003320110303003  0000000400 110851,00      0,0004ND     50,00     50,00T      40,00     50,00     22,00      0,00      0,00      0,00      0,0020170401201103049999123120171231J                                                                                                                                                                 C3303100              33 N       330,41N031 0000860
0010757626ES0026000010757626RJ0FHIDROCANTABRICO DISTRIBUCIÓN ELÉCTRICA            0026                                                                                 C3303100_339003320110727003  0000000400    110,85      0,0004ND     43,65     43,65D      43,65     43,65     43,65      0,00      0,00      0,00      0,0020160304201603049999123120180104J                                                                                                                                                                 C3303100              33 N         0,00N030U0009270
0010761485ES0026000010761485PP0FHIDROCANTABRICO DISTRIBUCIÓN ELÉCTRICA            0026                                                                                 C3303100_339003320111017003  0000000400     17,32      0,0004ND     17,32     17,32D      17,32     17,32     17,32      0,00      0,00      0,00      0,0020131104        9999123120180103J                                                                                                                                                                 C3303100              33 N        72,83N030U0000860
0010847445ES0026000010847445LV0FHIDROCANTABRICO DISTRIBUCIÓN ELÉCTRICA            0026                                                                                 C3303100_339003320160209003  0000000400     17,32      0,0004ND     17,32     17,32T      17,32     17,32     17,32      0,00      0,00      0,00      0,0020160222        2019070520160630J                                                                                                                                                                 C3304419              33 N         0,00N030 00    0
